0
0			7			0.6f			1	
1			7			0.3f			1	
2			8			0.3f			1	
3			7			0.3f			1	
4			7			0.27f			1	
5			7			0.3f			1	
6			7			0.24f			1	
7			13			0.24f			1	
8			11			0.38f			0	
9			11			0.34f			0	
10			11			0.3f			1	
11			9			0.3f			1	
12			7			0.25f			1	
13			5			0.5f			3	
14			6			0.2f			1	
15			*			*				*		
16			*			*				*		
17			5			0.45f			0	
18			7			0.3f			1	
19			6			0.29f			3	
20			6			0.25f			2	
21			7			0.3f			3	
22			13			0.4f			3	
23			13			0.6f			3	
24			18			0.5f			3	
25			6			0.25f			2	
26			5			0.25f			3	
27			6			0.25f			3	
28			*			*				*		
29			11			0.3f			0	
30			5			0.2f			0	
31			8			0.55f			2	
32			14			0.69f			3	
33			11			0.35f			3	
34			6			0.32f			0	
35			13			0.32f			0	
36			7			0.33f			0	
37			12			0.4f			4	
38			10			0.4f			4	
39			15			0.4f			4	
40			13			0.2f			5	
41			10			0.4f			4	
42			10			0.3f			4	
43			10			0.74f			0	
44			12			0.35f			0	
45			6			0.16f			5	
46			12			0.05f			0	
47			10			0.35f			0	
48			12			0.16f			5	
49			7			0.13f			5	
50			9			0.2f			5	
51			11			0.35f			0	
52			9			0.3f			5	
53			11			0.3f			3	
54			6			0.29f			3	
55			12			0.3f			3	
56			10			0.43f			6	
57			7			0.4f			6	
58			7			0.4f			6	
59			9			0.1f			6	
end
