11	"로랜시아 이동"																									
0	1	1	1	3	-1	1	1	-1	-1	-1	-1	1	1	0	1	1	0	1	1	0	1	0	1	1	-1	-1
1	5	-1	-1	-1	-1	-1	17	0	167	129	85	100	-1	-1	-1	-1	-1	-1	-1	-1	-1	-1	-1	-1	-1	-1
12	"노리아 이동"																									
0	1	1	1	3	-1	1	1	-1	-1	-1	-1	0	0	1	0	0	0	0	0	1	0	0	0	0	-1	-1
1	5	-1	-1	-1	-1	-1	27	3	168	86	85	100	-1	-1	-1	-1	-1	-1	-1	-1	-1	-1	-1	-1	-1	-1
13	"엘베란드 이동"																									
0	1	1	1	3	-1	1	1	-1	-1	-1	-1	0	0	0	0	0	1	0	0	0	0	1	0	0	-1	-1
1	5	-1	-1	-1	-1	-1	267	51	72	218	85	100	-1	-1	-1	-1	-1	-1	-1	-1	-1	-1	-1	-1	-1	-1
14	"로랜시아 거미 잡기"																									
0	1	1	2	3	-1	2	1	-1	-1	-1	-1	1	1	0	1	1	0	1	1	0	1	0	1	1	-1	-1
1	2	3	-1	3	-1	-1	17	0	193	126	300	2000	14	373	1	-1	-1	-1	-1	-1	-1	-1	-1	-1	-1	-1
15	"노리아 거미 잡기"																									
0	1	1	2	3	-1	2	1	-1	-1	-1	-1	0	0	1	0	0	0	0	0	1	0	0	0	0	-1	-1
1	2	3	-1	3	-1	-1	27	3	164	80	300	2000	14	373	1	-1	-1	-1	-1	-1	-1	-1	-1	-1	-1	-1
16	"엘베란드 거미 잡기"																									
0	1	1	2	3	-1	2	1	-1	-1	-1	-1	0	0	0	0	0	1	0	0	0	0	1	0	0	-1	-1
1	2	3	-1	3	-1	-1	267	51	118	222	300	2000	14	373	1	-1	-1	-1	-1	-1	-1	-1	-1	-1	-1	-1
17	"로랜시아 소뿔전사 잡기"																									
0	1	1	2	3	-1	2	1	-1	-1	-1	-1	1	1	0	1	1	0	1	1	0	1	0	1	1	-1	-1
1	2	0	-1	5	-1	-1	17	0	179	55	500	3000	-1	-1	-1	-1	-1	-1	-1	-1	-1	-1	-1	-1	-1	-1
18	"노리아 고리전갈 잡기"																									
0	1	1	2	3	-1	2	1	-1	-1	-1	-1	0	0	1	0	0	0	0	0	1	0	0	0	0	-1	-1
1	2	27	-1	5	-1	-1	27	3	136	79	500	3000	-1	-1	-1	-1	-1	-1	-1	-1	-1	-1	-1	-1	-1	-1
19	"엘베란드 오염된나비 잡기"																									
0	1	1	2	3	-1	2	1	-1	-1	-1	-1	0	0	0	0	0	1	0	0	0	0	1	0	0	-1	-1
1	2	421	-1	5	-1	-1	267	51	132	212	500	3000	-1	-1	-1	-1	-1	-1	-1	-1	-1	-1	-1	-1	-1	-1
20	"로랜시아 자이언트 잡기"																									
0	1	1	2	3	-1	2	1	-1	-1	-1	-1	1	1	0	1	1	0	1	1	0	1	0	1	1	-1	-1
1	2	7	-1	5	-1	-1	17	0	42	52	1200	7000	-1	-1	-1	-1	-1	-1	-1	-1	-1	-1	-1	-1	-1	-1
21	"노리아 풍뎅이괴물 잡기"																									
0	1	1	2	3	-1	2	1	-1	-1	-1	-1	0	0	1	0	0	0	0	0	1	0	0	0	0	-1	-1
1	2	28	-1	5	-1	-1	27	3	102	83	1200	7000	-1	-1	-1	-1	-1	-1	-1	-1	-1	-1	-1	-1	-1	-1
22	"엘베란드 기괴한토끼 잡기"																									
0	1	1	2	3	-1	2	1	-1	-1	-1	-1	0	0	0	0	0	1	0	0	0	0	1	0	0	-1	-1
1	2	418	-1	5	-1	-1	267	51	126	192	1200	7000	-1	-1	-1	-1	-1	-1	-1	-1	-1	-1	-1	-1	-1	-1
23	"로랜시아 장비상인 이동"																									
0	1	1	1	3	-1	5	1	-1	-1	-1	-1	1	1	0	1	1	0	1	1	0	1	0	1	1	-1	-1
1	5	-1	-1	-1	-1	-1	17	0	117	140	100	100	-1	-1	-1	-1	-1	-1	-1	-1	-1	-1	-1	-1	-1	-1
24	"노리아 장비상인 이동"																									
0	1	1	1	3	-1	5	1	-1	-1	-1	-1	0	0	1	0	0	0	0	0	1	0	0	0	0	-1	-1
1	5	-1	-1	-1	-1	-1	27	3	173	126	100	100	-1	-1	-1	-1	-1	-1	-1	-1	-1	-1	-1	-1	-1	-1
25	"엘베란드 장비상인 이동"																									
0	1	1	1	3	-1	5	1	-1	-1	-1	-1	0	0	0	0	0	1	0	0	0	0	1	0	0	-1	-1
1	5	-1	-1	-1	-1	-1	267	51	31	236	100	100	-1	-1	-1	-1	-1	-1	-1	-1	-1	-1	-1	-1	-1	-1
26	"로랜시아 사과 수집"																									
0	1	1	2	3	-1	5	1	-1	-1	-1	-1	1	1	0	1	1	0	1	1	0	1	0	1	1	-1	-1
1	1	14	0	5	0	0	17	0	193	126	1000	200	14	373	1	-1	-1	-1	-1	-1	-1	-1	-1	-1	-1	-1
27	"노리아 사과 수집"																									
0	1	1	2	3	-1	5	1	-1	-1	-1	-1	0	0	1	0	0	0	0	0	1	0	0	0	0	-1	-1
1	1	14	0	5	0	0	27	3	164	80	1000	200	14	373	1	-1	-1	-1	-1	-1	-1	-1	-1	-1	-1	-1
28	"엘베란드 사과 수집"																									
0	1	1	2	3	-1	5	1	-1	-1	-1	-1	0	0	0	0	0	1	0	0	0	0	1	0	0	-1	-1
1	1	14	0	5	0	0	267	51	118	222	1000	200	14	373	1	-1	-1	-1	-1	-1	-1	-1	-1	-1	-1	-1
29	"로랜시아 소뿔전사대장 잡기"																									
0	1	1	2	3	-1	5	1	-1	-1	-1	-1	1	1	0	1	1	0	1	1	0	1	0	1	1	-1	-1
1	2	4	-1	7	-1	-1	17	0	34	98	1500	6000	-1	-1	-1	-1	-1	-1	-1	-1	-1	-1	-1	-1	-1	-1
30	"노리아 헌터 잡기"																									
0	1	1	2	3	-1	5	1	-1	-1	-1	-1	0	0	1	0	0	0	0	0	1	0	0	0	0	-1	-1
1	2	29	-1	7	-1	-1	27	3	106	37	1500	6000	-1	-1	-1	-1	-1	-1	-1	-1	-1	-1	-1	-1	-1	-1
31	"엘베란드 기괴한토끼 잡기"																									
0	1	1	2	3	-1	5	1	-1	-1	-1	-1	0	0	0	0	0	1	0	0	0	0	1	0	0	-1	-1
1	2	418	-1	7	-1	-1	267	51	126	192	1500	6000	-1	-1	-1	-1	-1	-1	-1	-1	-1	-1	-1	-1	-1	-1
32	"로랜시아 하운드 잡기"																									
0	1	1	2	3	-1	5	1	-1	-1	-1	-1	1	1	0	1	1	0	1	1	0	1	0	1	1	-1	-1
1	2	1	-1	7	-1	-1	17	0	63	195	2000	8000	-1	-1	-1	-1	-1	-1	-1	-1	-1	-1	-1	-1	-1	-1
33	"노리아 고블린대장 잡기"																									
0	1	1	2	3	-1	5	1	-1	-1	-1	-1	0	0	1	0	0	0	0	0	1	0	0	0	0	-1	-1
1	2	33	-1	7	-1	-1	27	3	81	116	2000	8000	-1	-1	-1	-1	-1	-1	-1	-1	-1	-1	-1	-1	-1	-1
34	"엘베란드 흉측한토끼 잡기"																									
0	1	1	2	3	-1	5	1	-1	-1	-1	-1	0	0	0	0	0	1	0	0	0	0	1	0	0	-1	-1
1	2	419	-1	7	-1	-1	267	51	142	144	2000	8000	-1	-1	-1	-1	-1	-1	-1	-1	-1	-1	-1	-1	-1	-1
35	"로랜시아 해골전사 잡기"																									
0	1	1	2	3	-1	5	1	-1	-1	-1	-1	1	1	0	1	1	0	1	1	0	1	0	1	1	-1	-1
1	2	14	-1	10	-1	-1	17	0	118	207	2200	10000	-1	-1	-1	-1	-1	-1	-1	-1	-1	-1	-1	-1	-1	-1
36	"노리아 숲의괴물 잡기"																									
0	1	1	2	3	-1	5	1	-1	-1	-1	-1	0	0	1	0	0	0	0	0	1	0	0	0	0	-1	-1
1	2	30	-1	10	-1	-1	27	3	134	208	2200	10000	-1	-1	-1	-1	-1	-1	-1	-1	-1	-1	-1	-1	-1	-1
37	"엘베란드 흉측한토끼 잡기"																									
0	1	1	2	3	-1	5	1	-1	-1	-1	-1	0	0	0	0	0	1	0	0	0	0	1	0	0	-1	-1
1	2	419	-1	10	-1	-1	267	51	142	144	2200	10000	-1	-1	-1	-1	-1	-1	-1	-1	-1	-1	-1	-1	-1	-1
38	"로랜시아 리치 잡기"																									
0	1	1	2	3	-1	5	1	-1	-1	-1	-1	1	1	0	1	1	0	1	1	0	1	0	1	1	-1	-1
1	2	6	-1	10	-1	-1	17	0	166	225	2500	15000	14	85	1	-1	-1	-1	-1	-1	-1	-1	-1	-1	-1	-1
39	"노리아 아콘 잡기"																									
0	1	1	2	3	-1	5	1	-1	-1	-1	-1	0	0	1	0	0	0	0	0	1	0	0	0	0	-1	-1
1	2	31	-1	10	-1	-1	27	3	229	224	2500	15000	14	85	1	-1	-1	-1	-1	-1	-1	-1	-1	-1	-1	-1
40	"엘베란드 흉측한토끼 잡기"																									
0	1	1	2	3	-1	5	1	-1	-1	-1	-1	0	0	0	0	0	1	0	0	0	0	1	0	0	-1	-1
1	2	419	-1	10	-1	-1	267	51	142	144	2500	15000	14	85	1	-1	-1	-1	-1	-1	-1	-1	-1	-1	-1	-1
41	"로랜시아 스킬상인 이동"																									
0	1	1	1	3	-1	7	1	-1	-1	-1	-1	1	1	0	1	1	0	1	1	0	1	0	1	1	-1	-1
1	5	-1	-1	-1	-1	-1	17	0	119	113	100	100	-1	-1	-1	-1	-1	-1	-1	-1	-1	-1	-1	-1	-1	-1
42	"노리아 스킬상인 이동"																									
0	1	1	1	3	-1	7	1	-1	-1	-1	-1	0	0	1	0	0	0	0	0	1	0	0	0	0	-1	-1
1	5	-1	-1	-1	-1	-1	27	3	173	126	100	100	-1	-1	-1	-1	-1	-1	-1	-1	-1	-1	-1	-1	-1	-1
43	"엘베란드 스킬상인 이동"																									
0	1	1	1	3	-1	7	1	-1	-1	-1	-1	0	0	0	0	0	1	0	0	0	0	1	0	0	-1	-1
1	5	-1	-1	-1	-1	-1	267	51	36	218	100	100	-1	-1	-1	-1	-1	-1	-1	-1	-1	-1	-1	-1	-1	-1
44	"엘베란드2로 이동"																									
0	1	1	1	3	-1	7	1	-1	-1	-1	-1	1	1	1	1	1	1	1	1	1	1	1	1	1	-1	-1
1	5	-1	-1	-1	-1	-1	268	51	99	49	100	100	-1	-1	-1	-1	-1	-1	-1	-1	-1	-1	-1	-1	-1	-1
45	"엘베란드2 늑대인간 잡기"																									
0	1	1	2	3	-1	10	1	-1	-1	-1	-1	1	1	1	1	1	1	1	1	1	1	1	1	1	-1	-1
1	2	420	-1	12	-1	-1	268	51	78	58	3000	17000	16	40	1	-1	-1	-1	-1	-1	-1	-1	-1	-1	-1	-1
46	"엘베란드2 리치 잡기"																									
0	1	1	2	3	-1	10	1	-1	-1	-1	-1	1	1	1	1	1	1	1	1	1	1	1	1	1	-1	-1
1	2	422	-1	12	-1	-1	268	51	78	58	3500	17000	14	373	1	-1	-1	-1	-1	-1	-1	-1	-1	-1	-1	-1
47	"엘베란드 토템골램 잡기"																									
0	1	1	2	3	-1	13	1	-1	-1	-1	-1	1	1	1	1	1	1	1	1	1	1	1	1	1	-1	-1
1	2	423	-1	15	-1	-1	269	51	192	149	5500	17000	14	85	1	-1	-1	-1	-1	-1	-1	-1	-1	-1	-1	-1
48	"엘베란드 괴수우씨대장 잡기"																									
0	1	1	2	3	-1	17	1	-1	-1	-1	-1	1	1	1	1	1	1	1	1	1	1	1	1	1	-1	-1
1	2	425	-1	15	-1	-1	269	51	215	43	7500	17000	-1	-1	-1	-1	-1	-1	-1	-1	-1	-1	-1	-1	-1	-1
49	"20레벨 달성"																									
0	1	1	1	3	-1	17	1	-1	-1	-1	-1	1	1	1	1	1	1	1	1	1	1	1	1	1	-1	-1
1	3	20	-1	-1	-1	-1	268	51	78	58	10000	10000	-1	-1	-1	-1	-1	-1	-1	-1	-1	-1	-1	-1	-1	-1
50	"데비아스 이동"																									
0	1	1	1	3	-1	20	1	-1	-1	-1	-1	1	1	1	1	1	1	1	1	1	1	1	1	1	-1	-1
1	5	-1	-1	-1	-1	-1	22	2	173	42	100	100	-1	-1	-1	-1	-1	-1	-1	-1	-1	-1	-1	-1	-1	-1
51	"데비아스 웜 잡기"																									
0	1	1	2	3	-1	20	1	-1	-1	-1	-1	1	1	1	1	1	1	1	1	1	1	1	1	1	-1	-1
1	2	24	-1	15	-1	-1	22	2	217	87	9500	20000	14	373	1	-1	-1	-1	-1	-1	-1	-1	-1	-1	-1	-1
52	"데비아스 호머드 잡기1"																									
0	1	1	2	3	-1	20	1	-1	-1	-1	-1	1	1	1	1	1	1	1	1	1	1	1	1	1	-1	-1
1	2	23	-1	5	-1	-1	22	2	208	118	5500	5000	-1	-1	-1	-1	-1	-1	-1	-1	-1	-1	-1	-1	-1	-1
53	"얼음괴물 잡기"																									
0	1	1	2	3	-1	20	1	-1	-1	-1	-1	1	1	1	1	1	1	1	1	1	1	1	1	1	-1	-1
1	2	22	-1	5	-1	-1	22	2	166	116	5500	5000	-1	-1	-1	-1	-1	-1	-1	-1	-1	-1	-1	-1	-1	-1
54	"암살자 잡기"																									
0	1	1	2	3	-1	20	1	-1	-1	-1	-1	1	1	1	1	1	1	1	1	1	1	1	1	1	-1	-1
1	2	21	-1	15	-1	-1	22	2	122	27	10500	20000	14	373	1	-1	-1	-1	-1	-1	-1	-1	-1	-1	-1	-1
55	"설인 잡기"																									
0	1	1	2	3	-1	20	1	-1	-1	-1	-1	1	1	1	1	1	1	1	1	1	1	1	1	1	-1	-1
1	2	19	-1	15	-1	-1	72	2	114	71	11000	20000	-1	-1	-1	-1	-1	-1	-1	-1	-1	-1	-1	-1	-1	-1
56	"설인대장 잡기1"																									
0	1	1	2	3	-1	25	1	-1	-1	-1	-1	1	1	1	1	1	1	1	1	1	1	1	1	1	-1	-1
1	2	20	-1	15	-1	-1	73	2	53	64	11500	20000	-1	-1	-1	-1	-1	-1	-1	-1	-1	-1	-1	-1	-1	-1
57	"설인 잡기2"																									
0	1	1	2	3	-1	25	1	-1	-1	-1	-1	1	1	1	1	1	1	1	1	1	1	1	1	1	-1	-1
1	2	19	-1	15	-1	-1	73	2	102	164	11500	20000	14	85	1	-1	-1	-1	-1	-1	-1	-1	-1	-1	-1	-1
58	"호머드 잡기2"																									
0	1	1	2	3	-1	25	1	-1	-1	-1	-1	1	1	1	1	1	1	1	1	1	1	1	1	1	-1	-1
1	2	23	-1	15	-1	-1	73	2	47	209	12000	20000	13	1	1	-1	-1	-1	-1	-1	-1	-1	-1	-1	-1	-1
59	"30레벨 달성"																									
0	1	1	1	3	-1	25	1	-1	-1	-1	-1	1	1	1	1	1	1	1	1	1	1	1	1	1	-1	-1
1	3	30	-1	-1	-1	-1	73	2	47	209	15000	12000	-1	-1	-1	-1	-1	-1	-1	-1	-1	-1	-1	-1	-1	-1
60	"던전 이동"																									
0	1	1	1	3	-1	30	1	-1	-1	-1	-1	1	1	1	1	1	1	1	1	1	1	1	1	1	-1	-1
1	5	-1	-1	-1	-1	-1	2	1	109	235	100	100	-1	-1	-1	-1	-1	-1	-1	-1	-1	-1	-1	-1	-1	-1
61	"해골전사 잡기"																									
0	1	1	2	3	-1	30	1	-1	-1	-1	-1	1	1	1	1	1	1	1	1	1	1	1	1	1	-1	-1
1	2	14	-1	20	-1	-1	2	1	101	219	12000	20000	14	373	1	-1	-1	-1	-1	-1	-1	-1	-1	-1	-1	-1
62	"유충 잡기"																									
0	1	1	2	3	-1	30	1	-1	-1	-1	-1	1	1	1	1	1	1	1	1	1	1	1	1	1	-1	-1
1	2	12	-1	20	-1	-1	2	1	84	190	13000	20000	-1	-1	-1	-1	-1	-1	-1	-1	-1	-1	-1	-1	-1	-1
63	"싸이클롭스 잡기"																									
0	1	1	2	3	-1	35	1	-1	-1	-1	-1	1	1	1	1	1	1	1	1	1	1	1	1	1	-1	-1
1	2	17	-1	20	-1	-1	2	1	51	233	15000	20000	14	85	1	-1	-1	-1	-1	-1	-1	-1	-1	-1	-1	-1
64	"고스트 잡기"																									
0	1	1	2	3	-1	35	1	-1	-1	-1	-1	1	1	1	1	1	1	1	1	1	1	1	1	1	-1	-1
1	2	11	-1	20	-1	-1	2	1	50	155	17000	20000	14	373	1	-1	-1	-1	-1	-1	-1	-1	-1	-1	-1	-1
65	"40레벨 달성"																									
0	1	1	1	3	-1	35	1	-1	-1	-1	-1	1	1	1	1	1	1	1	1	1	1	1	1	1	-1	-1
1	3	40	-1	-1	-1	-1	2	1	50	155	25000	20000	-1	-1	-1	-1	-1	-1	-1	-1	-1	-1	-1	-1	-1	-1
66	"던전2층 이동"																									
0	1	1	1	3	-1	40	1	-1	-1	-1	-1	1	1	1	1	1	1	1	1	1	1	1	1	1	-1	-1
1	5	-1	-1	-1	-1	-1	6	1	231	115	100	100	-1	-1	-1	-1	-1	-1	-1	-1	-1	-1	-1	-1	-1	-1
67	"헬하운드 잡기"																									
0	1	1	2	3	-1	40	1	-1	-1	-1	-1	1	1	1	1	1	1	1	1	1	1	1	1	1	-1	-1
1	2	5	-1	20	-1	-1	6	1	175	119	20000	20000	14	85	1	-1	-1	-1	-1	-1	-1	-1	-1	-1	-1	-1
68	"해골궁수 잡기"																									
0	1	1	2	3	-1	40	1	-1	-1	-1	-1	1	1	1	1	1	1	1	1	1	1	1	1	1	-1	-1
1	2	15	-1	20	-1	-1	6	1	131	118	22000	20000	14	86	1	-1	-1	-1	-1	-1	-1	-1	-1	-1	-1	-1
69	"헬스파이더 잡기"																									
0	1	1	2	3	-1	40	1	-1	-1	-1	-1	1	1	1	1	1	1	1	1	1	1	1	1	1	-1	-1
1	2	13	-1	20	-1	-1	6	1	116	75	24000	22000	14	373	1	-1	-1	-1	-1	-1	-1	-1	-1	-1	-1	-1
70	"해골전사대장 잡기"																									
0	1	1	2	3	-1	43	1	-1	-1	-1	-1	1	1	1	1	1	1	1	1	1	1	1	1	1	-1	-1
1	2	16	-1	20	-1	-1	6	1	225	89	26000	24000	-1	-1	-1	-1	-1	-1	-1	-1	-1	-1	-1	-1	-1	-1
71	"썬더리치 잡기"																									
0	1	1	2	3	-1	43	1	-1	-1	-1	-1	1	1	1	1	1	1	1	1	1	1	1	1	1	-1	-1
1	2	9	-1	20	-1	-1	6	1	235	15	28000	26000	14	373	1	-1	-1	-1	-1	-1	-1	-1	-1	-1	-1	-1
72	"포이즌소뿔전사 잡기"																									
0	1	1	2	3	-1	45	1	-1	-1	-1	-1	1	1	1	1	1	1	1	1	1	1	1	1	1	-1	-1
1	2	8	-1	20	-1	-1	6	1	117	31	30000	28000	-1	-1	-1	-1	-1	-1	-1	-1	-1	-1	-1	-1	-1	-1
73	"다크나이트 잡기"																									
0	1	1	2	3	-1	45	1	-1	-1	-1	-1	1	1	1	1	1	1	1	1	1	1	1	1	1	-1	-1
1	2	10	-1	20	-1	-1	14	1	30	116	30000	28000	14	400	1	-1	-1	-1	-1	-1	-1	-1	-1	-1	-1	-1
74	"50레벨 달성"																									
0	1	1	1	3	-1	45	1	-1	-1	-1	-1	1	1	1	1	1	1	1	1	1	1	1	1	1	-1	-1
1	3	50	-1	-1	-1	-1	14	1	30	116	40000	35000	-1	-1	-1	-1	-1	-1	-1	-1	-1	-1	-1	-1	-1	-1
75	"겐스 듀프리언 찾아가기"																									
0	1	1	1	3	-1	50	1	-1	-1	-1	-1	1	1	1	1	1	1	1	1	1	1	1	1	1	-1	-1
1	5	-1	-1	-1	-1	-1	17	0	144	126	100	100	-1	-1	-1	-1	-1	-1	-1	-1	-1	-1	-1	-1	-1	-1
76	"겐스 바네르트 찾아가기"																									
0	1	1	1	3	-1	50	1	-1	-1	-1	-1	1	1	1	1	1	1	1	1	1	1	1	1	1	-1	-1
1	5	-1	-1	-1	-1	-1	27	3	168	100	100	100	-1	-1	-1	-1	-1	-1	-1	-1	-1	-1	-1	-1	-1	-1
77	"로스트타워 이동"																									
0	2	1	1	3	-1	50	1	-1	-1	-1	-1	1	1	1	1	1	1	1	1	1	1	1	1	1	-1	-1
1	5	-1	-1	-1	-1	-1	29	4	211	96	100	100	-1	-1	-1	-1	-1	-1	-1	-1	-1	-1	-1	-1	-1	-1
78	"쉐도우 잡기"																									
0	2	1	2	3	-1	50	1	-1	-1	-1	-1	1	1	1	1	1	1	1	1	1	1	1	1	1	-1	-1
1	2	36	-1	20	-1	-1	29	4	211	96	30000	28000	14	373	1	-1	-1	-1	-1	-1	-1	-1	-1	-1	-1	-1
79	"포이즌쉐도우 잡기"																									
0	2	1	2	3	-1	50	1	-1	-1	-1	-1	1	1	1	1	1	1	1	1	1	1	1	1	1	-1	-1
1	2	39	-1	20	-1	-1	29	4	201	35	32000	30000	14	85	1	-1	-1	-1	-1	-1	-1	-1	-1	-1	-1	-1
80	"저주받은법사 잡기"																									
0	2	1	2	3	-1	53	1	-1	-1	-1	-1	1	1	1	1	1	1	1	1	1	1	1	1	1	-1	-1
1	2	34	-1	20	-1	-1	31	4	212	245	34000	32000	14	86	1	-1	-1	-1	-1	-1	-1	-1	-1	-1	-1	-1
81	"데쓰카우 잡기"																									
0	2	1	2	3	-1	53	1	-1	-1	-1	-1	1	1	1	1	1	1	1	1	1	1	1	1	1	-1	-1
1	2	41	-1	20	-1	-1	33	4	118	230	36000	34000	14	87	1	-1	-1	-1	-1	-1	-1	-1	-1	-1	-1	-1
82	"데빌 잡기"																									
0	2	1	2	3	-1	55	1	-1	-1	-1	-1	1	1	1	1	1	1	1	1	1	1	1	1	1	-1	-1
1	2	37	-1	20	-1	-1	35	4	107	106	38000	36000	14	373	1	-1	-1	-1	-1	-1	-1	-1	-1	-1	-1	-1
83	"데쓰나이트 잡기"																									
0	2	1	2	3	-1	55	1	-1	-1	-1	-1	1	1	1	1	1	1	1	1	1	1	1	1	1	-1	-1
1	2	40	-1	20	-1	-1	37	4	115	28	40000	38000	14	400	1	-1	-1	-1	-1	-1	-1	-1	-1	-1	-1	-1
84	"60레벨 달성"																									
0	2	1	1	3	-1	55	1	-1	-1	-1	-1	1	1	1	1	1	1	1	1	1	1	1	1	1	-1	-1
1	3	60	-1	-1	-1	-1	37	4	115	25	45000	40000	-1	-1	-1	-1	-1	-1	-1	-1	-1	-1	-1	-1	-1	-1
85	"아틀란스 이동"																									
0	2	1	1	3	-1	60	1	-1	-1	-1	-1	1	1	1	1	1	1	1	1	1	1	1	1	1	-1	-1
1	5	-1	-1	-1	-1	-1	49	7	23	44	100	100	-1	-1	-1	-1	-1	-1	-1	-1	-1	-1	-1	-1	-1	-1
86	"바하무트 잡기"																									
0	2	1	2	3	-1	60	1	-1	-1	-1	-1	1	1	1	1	1	1	1	1	1	1	1	1	1	-1	-1
1	2	45	-1	30	-1	-1	49	7	23	44	42000	40000	14	373	1	-1	-1	-1	-1	-1	-1	-1	-1	-1	-1	-1
87	"베파르 잡기"																									
0	2	1	2	3	-1	60	1	-1	-1	-1	-1	1	1	1	1	1	1	1	1	1	1	1	1	1	-1	-1
1	2	46	-1	30	-1	-1	49	7	33	70	52000	50000	14	85	1	-1	-1	-1	-1	-1	-1	-1	-1	-1	-1	-1
88	"발키리 잡기"																									
0	2	1	2	3	-1	65	1	-1	-1	-1	-1	1	1	1	1	1	1	1	1	1	1	1	1	1	-1	-1
1	2	47	-1	10	-1	-1	49	7	32	112	25000	30000	14	373	1	-1	-1	-1	-1	-1	-1	-1	-1	-1	-1	-1
89	"70레벨 달성"																									
0	2	1	1	3	-1	65	1	-1	-1	-1	-1	1	1	1	1	1	1	1	1	1	1	1	1	1	-1	-1
1	3	70	-1	-1	-1	-1	49	7	33	70	75000	70000	-1	-1	-1	-1	-1	-1	-1	-1	-1	-1	-1	-1	-1	-1
90	"아틀란스 사냥터추천1"																									
0	2	1	2	3	-1	70	1	-1	-1	-1	-1	1	1	1	1	1	1	1	1	1	1	1	1	1	-1	-1
1	2	46	-1	50	-1	-1	49	7	33	70	80000	75000	14	372	1	-1	-1	-1	-1	-1	-1	-1	-1	-1	-1	-1
91	"80레벨 달성"																									
0	2	1	1	3	-1	70	1	-1	-1	-1	-1	1	1	1	1	1	1	1	1	1	1	1	1	1	-1	-1
1	3	80	-1	-1	-1	-1	49	7	33	70	85000	80000	-1	-1	-1	-1	-1	-1	-1	-1	-1	-1	-1	-1	-1	-1
92	"아틀란스2 이동"																									
0	2	1	1	3	-1	80	1	-1	-1	-1	-1	1	1	1	1	1	1	1	1	1	1	1	1	1	-1	-1
1	5	-1	-1	-1	-1	-1	75	7	236	35	100	100	-1	-1	-1	-1	-1	-1	-1	-1	-1	-1	-1	-1	-1	-1
93	"대형바하무트 잡기"																									
0	2	1	2	3	-1	80	1	-1	-1	-1	-1	1	1	1	1	1	1	1	1	1	1	1	1	1	-1	-1
1	2	51	-1	30	-1	-1	75	7	236	35	64000	62000	14	373	1	-1	-1	-1	-1	-1	-1	-1	-1	-1	-1	-1
94	"실버발키리 잡기"																									
0	2	1	2	3	-1	80	1	-1	-1	-1	-1	1	1	1	1	1	1	1	1	1	1	1	1	1	-1	-1
1	2	52	-1	30	-1	-1	75	7	78	145	66000	64000	14	85	1	-1	-1	-1	-1	-1	-1	-1	-1	-1	-1	-1
95	"리자드킹 잡기"																									
0	2	1	2	3	-1	80	1	-1	-1	-1	-1	1	1	1	1	1	1	1	1	1	1	1	1	1	-1	-1
1	2	48	-1	30	-1	-1	75	7	162	154	68000	66000	14	373	1	-1	-1	-1	-1	-1	-1	-1	-1	-1	-1	-1
96	"데쓰고르곤 잡기"																									
0	2	1	2	3	-1	85	1	-1	-1	-1	-1	1	1	1	1	1	1	1	1	1	1	1	1	1	-1	-1
1	2	35	-1	30	-1	-1	39	4	30	33	70000	68000	14	400	1	-1	-1	-1	-1	-1	-1	-1	-1	-1	-1	-1
97	"90레벨 달성"																									
0	2	1	1	3	-1	85	1	-1	-1	-1	-1	1	1	1	1	1	1	1	1	1	1	1	1	1	-1	-1
1	3	90	-1	-1	-1	-1	75	7	236	35	95000	90000	-1	-1	-1	-1	-1	-1	-1	-1	-1	-1	-1	-1	-1	-1
98	"아틀란스 사냥터추천2"																									
0	2	1	2	3	-1	90	1	-1	-1	-1	-1	1	1	1	1	1	1	1	1	1	1	1	1	1	-1	-1
1	2	51	-1	50	-1	-1	75	7	236	35	100000	95000	14	372	1	-1	-1	-1	-1	-1	-1	-1	-1	-1	-1	-1
99	"100레벨 달성"																									
0	2	1	1	3	-1	90	1	-1	-1	-1	-1	1	1	1	1	1	1	1	1	1	1	1	1	1	-1	-1
1	3	100	-1	-1	-1	-1	75	7	236	35	110000	100000	-1	-1	-1	-1	-1	-1	-1	-1	-1	-1	-1	-1	-1	-1
100	"엘베 쉐도우팬텀 이동"																									
0	2	1	1	3	-1	100	1	-1	-1	-1	-1	1	1	1	1	1	1	1	1	1	1	1	1	1	-1	-1
1	5	-1	-1	-1	-1	-1	267	51	57	231	100	100	-1	-1	-1	-1	-1	-1	-1	-1	-1	-1	-1	-1	-1	-1
101	"아틀란스 사냥터추천3"																									
0	2	1	2	3	-1	100	1	-1	-1	-1	-1	1	1	1	1	1	1	1	1	1	1	1	1	1	-1	-1
1	2	51	-1	100	-1	-1	75	7	236	35	120000	110000	14	372	1	-1	-1	-1	-1	-1	-1	-1	-1	-1	-1	-1
102	"110레벨 달성"																									
0	2	1	1	3	-1	101	1	-1	-1	-1	-1	1	1	1	1	1	1	1	1	1	1	1	1	1	-1	-1
1	3	110	-1	-1	-1	-1	75	7	236	35	150000	100000	-1	-1	-1	-1	-1	-1	-1	-1	-1	-1	-1	-1	-1	-1
103	"아틀란스 사냥터추천4"																									
0	2	1	2	3	-1	110	1	-1	-1	-1	-1	1	1	1	1	1	1	1	1	1	1	1	1	1	-1	-1
1	2	51	-1	100	-1	-1	75	7	236	35	180000	170000	14	372	1	-1	-1	-1	-1	-1	-1	-1	-1	-1	-1	-1
104	"120레벨 달성"																									
0	2	1	1	3	-1	110	1	-1	-1	-1	-1	1	1	1	1	1	1	1	1	1	1	1	1	1	-1	-1
1	3	120	-1	-1	-1	-1	75	7	236	35	200000	100000	-1	-1	-1	-1	-1	-1	-1	-1	-1	-1	-1	-1	-1	-1
105	"아틀란스 사냥터추천5"																									
0	2	1	2	3	-1	120	1	-1	-1	-1	-1	1	1	1	1	1	1	1	1	1	1	1	1	1	-1	-1
1	2	51	-1	100	-1	-1	75	7	236	35	230000	220000	14	372	1	-1	-1	-1	-1	-1	-1	-1	-1	-1	-1	-1
106	"130레벨 달성"																									
0	2	1	1	3	-1	120	1	-1	-1	-1	-1	1	1	1	1	1	1	1	1	1	1	1	1	1	-1	-1
1	3	130	-1	-1	-1	-1	75	7	236	35	250000	100000	-1	-1	-1	-1	-1	-1	-1	-1	-1	-1	-1	-1	-1	-1
107	"아틀란스 사냥터추천6"																									
0	2	1	2	3	-1	130	1	-1	-1	-1	-1	1	1	1	1	1	1	1	1	1	1	1	1	1	-1	-1
1	2	51	-1	100	-1	-1	75	7	236	35	280000	270000	14	372	1	-1	-1	-1	-1	-1	-1	-1	-1	-1	-1	-1
108	"140레벨 달성"																									
0	2	1	1	3	-1	130	1	-1	-1	-1	-1	1	1	1	1	1	1	1	1	1	1	1	1	1	-1	-1
1	3	140	-1	-1	-1	-1	75	7	236	35	300000	100000	-1	-1	-1	-1	-1	-1	-1	-1	-1	-1	-1	-1	-1	-1
109	"타르칸 이동"																									
0	2	1	1	3	-1	140	1	-1	-1	-1	-1	1	1	1	1	1	1	1	1	1	1	1	1	1	-1	-1
1	5	-1	-1	-1	-1	-1	57	8	179	111	100	100	-1	-1	-1	-1	-1	-1	-1	-1	-1	-1	-1	-1	-1	-1
110	"뮤턴트 잡기"																									
0	2	1	2	3	-1	140	1	-1	-1	-1	-1	1	1	1	1	1	1	1	1	1	1	1	1	1	-1	-1
1	2	62	-1	30	-1	-1	57	8	179	111	100000	95000	14	372	1	-1	-1	-1	-1	-1	-1	-1	-1	-1	-1	-1
111	"블러디울프 잡기"																									
0	2	1	2	3	-1	140	1	-1	-1	-1	-1	1	1	1	1	1	1	1	1	1	1	1	1	1	-1	-1
1	2	60	-1	30	-1	-1	57	8	133	93	110000	100000	14	85	1	-1	-1	-1	-1	-1	-1	-1	-1	-1	-1	-1
112	"아이언흴 잡기"																									
0	2	1	2	3	-1	143	1	-1	-1	-1	-1	1	1	1	1	1	1	1	1	1	1	1	1	1	-1	-1
1	2	57	-1	30	-1	-1	57	8	60	83	120000	110000	14	372	1	-1	-1	-1	-1	-1	-1	-1	-1	-1	-1	-1
113	"탄탈로스 잡기"																									
0	2	1	2	3	-1	143	1	-1	-1	-1	-1	1	1	1	1	1	1	1	1	1	1	1	1	1	-1	-1
1	2	58	-1	30	-1	-1	57	8	30	112	130000	120000	14	400	1	-1	-1	-1	-1	-1	-1	-1	-1	-1	-1	-1
114	"타르칸 이동"																									
0	2	1	1	3	-1	100	1	-1	-1	-1	-1	1	1	1	1	1	1	1	1	1	1	1	1	1	-1	-1
1	5	-1	-1	-1	-1	-1	77	8	98	145	100	100	-1	-1	-1	-1	-1	-1	-1	-1	-1	-1	-1	-1	-1	-1
115	"빔나이트 잡기"																									
0	2	1	2	3	-1	145	1	-1	-1	-1	-1	1	1	1	1	1	1	1	1	1	1	1	1	1	-1	-1
1	2	61	-1	30	-1	-1	77	8	93	188	140000	130000	14	372	1	-1	-1	-1	-1	-1	-1	-1	-1	-1	-1	-1
116	"데쓰빔나이트 잡기"																									
0	2	1	2	3	-1	145	1	-1	-1	-1	-1	1	1	1	1	1	1	1	1	1	1	1	1	1	-1	-1
1	2	63	-1	2	-1	-1	77	8	112	203	70000	65000	14	85	1	-1	-1	-1	-1	-1	-1	-1	-1	-1	-1	-1
117	"타르칸 사냥터추천"																									
0	2	1	2	3	-1	145	1	-1	-1	-1	-1	1	1	1	1	1	1	1	1	1	1	1	1	1	-1	-1
1	2	62	-1	100	-1	-1	57	8	179	111	290000	280000	14	400	1	-1	-1	-1	-1	-1	-1	-1	-1	-1	-1	-1
118	"150레벨 달성"																									
0	2	1	1	3	-1	145	1	-1	-1	-1	-1	1	1	1	1	1	1	1	1	1	1	1	1	1	-1	-1
1	3	150	-1	-1	-1	-1	57	8	179	111	350000	100000	-1	-1	-1	-1	-1	-1	-1	-1	-1	-1	-1	-1	-1	-1
119	"1차 전직 퀘스트 완료"																									
0	2	1	1	3	-1	150	1	-1	-1	-1	-1	1	1	1	0	0	1	0	0	1	1	1	1	1	-1	-1
1	4	1	-1	-1	-1	-1	22	2	185	30	400000	100000	-1	-1	-1	-1	-1	-1	-1	-1	-1	-1	-1	-1	-1	-1
120	"아이다 이동"																									
0	3	1	1	3	-1	150	1	-1	-1	-1	-1	1	1	1	1	1	1	1	1	1	1	1	1	1	-1	-1
1	5	-1	-1	-1	-1	-1	119	33	97	10	100	100	-1	-1	-1	-1	-1	-1	-1	-1	-1	-1	-1	-1	-1	-1
121	"데스트리잡기"																									
0	3	1	2	3	-1	150	1	-1	-1	-1	-1	1	1	1	1	1	1	1	1	1	1	1	1	1	-1	-1
1	2	308	-1	50	-1	-1	119	33	140	21	160000	150000	14	372	1	-1	-1	-1	-1	-1	-1	-1	-1	-1	-1	-1
122	"포레스트오크 잡기"																									
0	3	1	2	3	-1	150	1	-1	-1	-1	-1	1	1	1	1	1	1	1	1	1	1	1	1	1	-1	-1
1	2	307	-1	50	-1	-1	119	33	165	16	170000	160000	14	85	1	-1	-1	-1	-1	-1	-1	-1	-1	-1	-1	-1
123	"데스라이더 잡기"																									
0	3	1	2	3	-1	153	1	-1	-1	-1	-1	1	1	1	1	1	1	1	1	1	1	1	1	1	-1	-1
1	2	306	-1	50	-1	-1	119	33	212	60	180000	170000	14	86	1	-1	-1	-1	-1	-1	-1	-1	-1	-1	-1	-1
124	"블루골램 잡기"																									
0	3	1	2	3	-1	153	1	-1	-1	-1	-1	1	1	1	1	1	1	1	1	1	1	1	1	1	-1	-1
1	2	305	-1	50	-1	-1	119	33	230	144	190000	180000	14	87	1	-1	-1	-1	-1	-1	-1	-1	-1	-1	-1	-1
125	"아이다 사냥터추천"																									
0	3	1	2	3	-1	153	1	-1	-1	-1	-1	1	1	1	1	1	1	1	1	1	1	1	1	1	-1	-1
1	2	308	-1	100	-1	-1	119	33	140	21	300000	290000	14	400	1	-1	-1	-1	-1	-1	-1	-1	-1	-1	-1	-1
126	"160레벨 달성"																									
0	3	1	1	3	-1	155	1	-1	-1	-1	-1	1	1	1	1	1	1	1	1	1	1	1	1	1	-1	-1
1	3	160	-1	-1	-1	-1	119	33	140	21	400000	100000	-1	-1	-1	-1	-1	-1	-1	-1	-1	-1	-1	-1	-1	-1
127	"칸투루폐허1 이동"																									
0	3	1	1	3	-1	160	1	-1	-1	-1	-1	1	1	1	1	1	1	1	1	1	1	1	1	1	-1	-1
1	5	-1	-1	-1	-1	-1	138	37	42	217	100	100	-1	-1	-1	-1	-1	-1	-1	-1	-1	-1	-1	-1	-1	-1
128	"스플린터 울프 잡기"																									
0	3	1	2	3	-1	160	1	-1	-1	-1	-1	1	1	1	1	1	1	1	1	1	1	1	1	1	-1	-1
1	2	351	-1	50	-1	-1	138	37	51	231	200000	190000	14	372	1	-1	-1	-1	-1	-1	-1	-1	-1	-1	-1	-1
129	"아이언 라이더 잡기"																									
0	3	1	2	3	-1	160	1	-1	-1	-1	-1	1	1	1	1	1	1	1	1	1	1	1	1	1	-1	-1
1	2	352	-1	50	-1	-1	138	37	197	194	210000	200000	14	85	1	-1	-1	-1	-1	-1	-1	-1	-1	-1	-1	-1
130	"사티로스 잡기"																									
0	3	1	2	3	-1	160	1	-1	-1	-1	-1	1	1	1	1	1	1	1	1	1	1	1	1	1	-1	-1
1	2	353	-1	50	-1	-1	138	37	230	85	220000	210000	14	372	1	-1	-1	-1	-1	-1	-1	-1	-1	-1	-1	-1
131	"칸투루폐허2 이동"																									
0	3	1	1	3	-1	165	1	-1	-1	-1	-1	1	1	1	1	1	1	1	1	1	1	1	1	1	-1	-1
1	5	-1	-1	-1	-1	-1	141	37	206	38	100	100	-1	-1	-1	-1	-1	-1	-1	-1	-1	-1	-1	-1	-1	-1
132	"블레이드 헌터 잡기"																									
0	3	1	2	3	-1	165	1	-1	-1	-1	-1	1	1	1	1	1	1	1	1	1	1	1	1	1	-1	-1
1	2	354	-1	50	-1	-1	141	37	206	38	230000	220000	14	372	1	-1	-1	-1	-1	-1	-1	-1	-1	-1	-1	-1
133	"버서커 잡기"																									
0	3	1	2	3	-1	165	1	-1	-1	-1	-1	1	1	1	1	1	1	1	1	1	1	1	1	1	-1	-1
1	2	350	-1	50	-1	-1	141	37	165	36	240000	230000	14	85	1	-1	-1	-1	-1	-1	-1	-1	-1	-1	-1	-1
134	"켄타우로스 잡기"																									
0	3	1	2	3	-1	167	1	-1	-1	-1	-1	1	1	1	1	1	1	1	1	1	1	1	1	1	-1	-1
1	2	355	-1	50	-1	-1	141	37	115	59	250000	240000	14	86	1	-1	-1	-1	-1	-1	-1	-1	-1	-1	-1	-1
135	"제노사이더 잡기"																									
0	3	1	2	3	-1	167	1	-1	-1	-1	-1	1	1	1	1	1	1	1	1	1	1	1	1	1	-1	-1
1	2	357	-1	50	-1	-1	141	37	60	45	260000	250000	14	87	1	-1	-1	-1	-1	-1	-1	-1	-1	-1	-1	-1
136	"기간티스 잡기"																									
0	3	1	2	3	-1	167	1	-1	-1	-1	-1	1	1	1	1	1	1	1	1	1	1	1	1	1	-1	-1
1	2	356	-1	50	-1	-1	141	37	85	24	270000	260000	14	372	1	-1	-1	-1	-1	-1	-1	-1	-1	-1	-1	-1
137	"칸투루 폐허 사냥터추천"																									
0	3	1	2	3	-1	167	1	-1	-1	-1	-1	1	1	1	1	1	1	1	1	1	1	1	1	1	-1	-1
1	2	354	-1	100	-1	-1	141	37	206	38	400000	390000	14	401	1	-1	-1	-1	-1	-1	-1	-1	-1	-1	-1	-1
138	"170레벨 달성"																									
0	3	1	1	3	-1	167	1	-1	-1	-1	-1	1	1	1	1	1	1	1	1	1	1	1	1	1	-1	-1
1	3	170	-1	-1	-1	-1	141	37	206	38	450000	100000	-1	-1	-1	-1	-1	-1	-1	-1	-1	-1	-1	-1	-1	-1
139	"칼루탄1 이동"																									
0	3	1	1	3	-1	170	1	-1	-1	-1	-1	1	1	1	1	1	1	1	1	1	1	1	1	1	-1	-1
1	5	-1	-1	-1	-1	-1	335	80	137	94	100	100	-1	-1	-1	-1	-1	-1	-1	-1	-1	-1	-1	-1	-1	-1
140	"맹독고리전갈 잡기"																									
0	3	1	2	3	-1	170	1	-1	-1	-1	-1	1	1	1	1	1	1	1	1	1	1	1	1	1	-1	-1
1	2	569	-1	50	-1	-1	335	80	143	74	280000	270000	14	372	1	-1	-1	-1	-1	-1	-1	-1	-1	-1	-1	-1
141	"본스콜피온 잡기"																									
0	3	1	2	3	-1	170	1	-1	-1	-1	-1	1	1	1	1	1	1	1	1	1	1	1	1	1	-1	-1
1	2	570	-1	50	-1	-1	335	80	183	108	290000	280000	14	85	1	-1	-1	-1	-1	-1	-1	-1	-1	-1	-1	-1
142	"오르커스 잡기"																									
0	3	1	2	3	-1	173	1	-1	-1	-1	-1	1	1	1	1	1	1	1	1	1	1	1	1	1	-1	-1
1	2	571	-1	50	-1	-1	335	80	191	155	300000	290000	14	372	1	-1	-1	-1	-1	-1	-1	-1	-1	-1	-1	-1
143	"크립포스 잡기"																									
0	3	1	2	3	-1	173	1	-1	-1	-1	-1	1	1	1	1	1	1	1	1	1	1	1	1	1	-1	-1
1	2	574	-1	50	-1	-1	335	80	70	174	310000	300000	14	400	1	-1	-1	-1	-1	-1	-1	-1	-1	-1	-1	-1
144	"크립타 잡기"																									
0	3	1	2	3	-1	173	1	-1	-1	-1	-1	1	1	1	1	1	1	1	1	1	1	1	1	1	-1	-1
1	2	573	-1	50	-1	-1	335	80	35	132	320000	310000	14	400	1	-1	-1	-1	-1	-1	-1	-1	-1	-1	-1	-1
145	"칼루탄2 이동"																									
0	3	1	1	3	-1	175	1	-1	-1	-1	-1	1	1	1	1	1	1	1	1	1	1	1	1	1	-1	-1
1	5	-1	-1	-1	-1	-1	341	81	163	18	100	100	-1	-1	-1	-1	-1	-1	-1	-1	-1	-1	-1	-1	-1	-1
146	"콘드라 잡기"																									
0	3	1	2	3	-1	175	1	-1	-1	-1	-1	1	1	1	1	1	1	1	1	1	1	1	1	1	-1	-1
1	2	575	-1	50	-1	-1	341	81	165	31	330000	320000	14	372	1	-1	-1	-1	-1	-1	-1	-1	-1	-1	-1	-1
147	"나르콘드라 잡기"																									
0	3	1	2	3	-1	175	1	-1	-1	-1	-1	1	1	1	1	1	1	1	1	1	1	1	1	1	-1	-1
1	2	576	-1	50	-1	-1	341	81	165	31	340000	330000	14	85	1	-1	-1	-1	-1	-1	-1	-1	-1	-1	-1	-1
148	"골록 잡기"																									
0	3	1	2	3	-1	175	1	-1	-1	-1	-1	1	1	1	1	1	1	1	1	1	1	1	1	1	-1	-1
1	2	572	-1	50	-1	-1	341	81	69	126	350000	340000	14	372	1	-1	-1	-1	-1	-1	-1	-1	-1	-1	-1	-1
149	"오르커스 잡기"																									
0	3	1	2	3	-1	175	1	-1	-1	-1	-1	1	1	1	1	1	1	1	1	1	1	1	1	1	-1	-1
1	2	571	-1	50	-1	-1	341	81	69	126	360000	350000	14	400	1	-1	-1	-1	-1	-1	-1	-1	-1	-1	-1	-1
150	"칸투루 폐허 사냥터추천"																									
0	3	1	2	3	-1	167	1	-1	-1	-1	-1	1	1	1	1	1	1	1	1	1	1	1	1	1	-1	-1
1	2	354	-1	100	-1	-1	141	37	206	38	500000	490000	14	401	1	-1	-1	-1	-1	-1	-1	-1	-1	-1	-1	-1
151	"180레벨 달성"																									
0	3	1	1	3	-1	175	1	-1	-1	-1	-1	1	1	1	1	1	1	1	1	1	1	1	1	1	-1	-1
1	3	180	-1	-1	-1	-1	141	37	206	38	500000	100000	-1	-1	-1	-1	-1	-1	-1	-1	-1	-1	-1	-1	-1	-1
152	"칸투루 폐허 사냥터추천"																									
0	3	1	2	3	-1	180	1	-1	-1	-1	-1	1	1	1	1	1	1	1	1	1	1	1	1	1	-1	-1
1	2	354	-1	100	-1	-1	141	37	206	38	600000	590000	14	401	1	-1	-1	-1	-1	-1	-1	-1	-1	-1	-1	-1
153	"190레벨 달성"																									
0	3	1	1	3	-1	185	1	-1	-1	-1	-1	1	1	1	1	1	1	1	1	1	1	1	1	1	-1	-1
1	3	190	-1	-1	-1	-1	141	37	206	38	600000	100000	-1	-1	-1	-1	-1	-1	-1	-1	-1	-1	-1	-1	-1	-1
154	"칸투루 폐허 사냥터추천"																									
0	3	1	2	3	-1	190	1	-1	-1	-1	-1	1	1	1	1	1	1	1	1	1	1	1	1	1	-1	-1
1	2	354	-1	100	-1	-1	141	37	206	38	700000	690000	14	401	1	-1	-1	-1	-1	-1	-1	-1	-1	-1	-1	-1
155	"200레벨 달성"																									
0	3	1	1	3	-1	195	1	-1	-1	-1	-1	1	1	1	1	1	1	1	1	1	1	1	1	1	-1	-1
1	3	200	-1	-1	-1	-1	141	37	206	38	700000	100000	-1	-1	-1	-1	-1	-1	-1	-1	-1	-1	-1	-1	-1	-1
156	"아이다2 이동"																									
0	3	1	1	3	-1	200	1	-1	-1	-1	-1	1	1	1	1	1	1	1	1	1	1	1	1	1	-1	-1
1	5	-1	-1	-1	-1	-1	140	33	186	173	100	100	-1	-1	-1	-1	-1	-1	-1	-1	-1	-1	-1	-1	-1	-1
157	"블러디오크 잡기"																									
0	3	1	2	3	-1	200	1	-1	-1	-1	-1	1	1	1	1	1	1	1	1	1	1	1	1	1	-1	-1
1	2	549	-1	50	-1	-1	140	33	195	194	370000	360000	14	372	1	-1	-1	-1	-1	-1	-1	-1	-1	-1	-1	-1
158	"블러디데스라이더 잡기"																									
0	3	1	2	3	-1	200	1	-1	-1	-1	-1	1	1	1	1	1	1	1	1	1	1	1	1	1	-1	-1
1	2	550	-1	50	-1	-1	140	33	138	206	380000	370000	14	372	1	-1	-1	-1	-1	-1	-1	-1	-1	-1	-1	-1
159	"블러디골램 잡기"																									
0	3	1	2	3	-1	200	1	-1	-1	-1	-1	1	1	1	1	1	1	1	1	1	1	1	1	1	-1	-1
1	2	551	-1	50	-1	-1	140	33	138	206	390000	380000	14	372	1	-1	-1	-1	-1	-1	-1	-1	-1	-1	-1	-1
160	"위치퀸 잡기"																									
0	3	1	2	3	-1	205	1	-1	-1	-1	-1	1	1	1	1	1	1	1	1	1	1	1	1	1	-1	-1
1	2	304	-1	50	-1	-1	140	33	119	51	400000	390000	14	372	1	-1	-1	-1	-1	-1	-1	-1	-1	-1	-1	-1
161	"헬마이네 잡기"																									
0	3	1	2	3	-1	205	1	-1	-1	-1	-1	1	1	1	1	1	1	1	1	1	1	1	1	1	-1	-1
1	2	309	-1	5	-1	-1	140	33	119	51	200000	180000	14	372	1	-1	-1	-1	-1	-1	-1	-1	-1	-1	-1	-1
162	"아이다 사냥터추천"																									
0	3	1	2	3	-1	205	1	-1	-1	-1	-1	1	1	1	1	1	1	1	1	1	1	1	1	1	-1	-1
1	2	308	-1	100	-1	-1	119	33	140	21	800000	790000	14	400	1	-1	-1	-1	-1	-1	-1	-1	-1	-1	-1	-1
163	"210레벨 달성"																									
0	3	1	1	3	-1	205	1	-1	-1	-1	-1	1	1	1	1	1	1	1	1	1	1	1	1	1	-1	-1
1	3	210	-1	-1	-1	-1	119	33	140	21	800000	100000	-1	-1	-1	-1	-1	-1	-1	-1	-1	-1	-1	-1	-1	-1
164	"칸투루폐허3 이동"																									
0	3	1	1	3	-1	210	1	-1	-1	-1	-1	1	1	1	1	1	1	1	1	1	1	1	1	1	-1	-1
1	5	-1	-1	-1	-1	-1	334	37	72	184	100	100	-1	-1	-1	-1	-1	-1	-1	-1	-1	-1	-1	-1	-1	-1
165	"버서커워리어 잡기"																									
0	3	1	2	3	-1	210	1	-1	-1	-1	-1	1	1	1	1	1	1	1	1	1	1	1	1	1	-1	-1
1	2	553	-1	50	-1	-1	334	37	73	166	420000	410000	14	372	1	-1	-1	-1	-1	-1	-1	-1	-1	-1	-1	-1
166	"기간티스워리어 잡기"																									
0	3	1	2	3	-1	210	1	-1	-1	-1	-1	1	1	1	1	1	1	1	1	1	1	1	1	1	-1	-1
1	2	555	-1	50	-1	-1	334	37	73	166	430000	420000	14	372	1	-1	-1	-1	-1	-1	-1	-1	-1	-1	-1	-1
167	"켄타우로스워리어 잡기"																									
0	3	1	2	3	-1	210	1	-1	-1	-1	-1	1	1	1	1	1	1	1	1	1	1	1	1	1	-1	-1
1	2	554	-1	50	-1	-1	334	37	132	127	440000	430000	14	372	1	-1	-1	-1	-1	-1	-1	-1	-1	-1	-1	-1
168	"제노사이더워리어 잡기"																									
0	3	1	2	3	-1	210	1	-1	-1	-1	-1	1	1	1	1	1	1	1	1	1	1	1	1	1	-1	-1
1	2	556	-1	50	-1	-1	334	37	132	127	450000	440000	14	372	1	-1	-1	-1	-1	-1	-1	-1	-1	-1	-1	-1
169	"칸투루 폐허 사냥터추천"																									
0	3	1	2	3	-1	210	1	-1	-1	-1	-1	1	1	1	1	1	1	1	1	1	1	1	1	1	-1	-1
1	2	354	-1	100	-1	-1	141	37	206	38	900000	890000	14	400	1	-1	-1	-1	-1	-1	-1	-1	-1	-1	-1	-1
170	"220레벨 달성"																									
0	3	1	1	3	-1	210	1	-1	-1	-1	-1	1	1	1	1	1	1	1	1	1	1	1	1	1	-1	-1
1	3	220	-1	-1	-1	-1	141	37	206	38	900000	100000	-1	-1	-1	-1	-1	-1	-1	-1	-1	-1	-1	-1	-1	-1
171	"2차전직 데비아스 말론 찾기1"																									
0	3	1	1	3	-1	220	1	-1	-1	-1	-1	1	1	1	0	0	1	0	0	1	1	1	1	1	-1	-1
1	5	-1	-1	-1	-1	-1	22	2	198	47	100	100	-1	-1	-1	-1	-1	-1	-1	-1	-1	-1	-1	-1	-1	-1
172	"2차전직 로랜시아 말론 찾기2"																									
0	3	1	1	3	-1	220	1	-1	-1	-1	-1	1	1	1	0	0	1	0	0	1	1	1	1	1	-1	-1
1	5	-1	-1	-1	-1	-1	17	0	137	87	100	100	-1	-1	-1	-1	-1	-1	-1	-1	-1	-1	-1	-1	-1	-1
173	"2차전직 노리아 말론 찾기3"																									
0	3	1	1	3	-1	220	1	-1	-1	-1	-1	1	1	1	0	0	1	0	0	1	1	1	1	1	-1	-1
1	5	-1	-1	-1	-1	-1	27	3	169	89	100	100	-1	-1	-1	-1	-1	-1	-1	-1	-1	-1	-1	-1	-1	-1
174	"2차전직 아틀란스 말론 찾기4"																									
0	3	1	1	3	-1	220	1	-1	-1	-1	-1	1	1	1	0	0	1	0	0	1	1	1	1	1	-1	-1
1	5	-1	-1	-1	-1	-1	49	7	17	25	100	100	-1	-1	-1	-1	-1	-1	-1	-1	-1	-1	-1	-1	-1	-1
175	"2차 전직 퀘스트 완료"																									
0	3	1	1	3	-1	220	1	-1	-1	-1	-1	1	1	1	0	0	1	0	0	1	1	1	1	1	-1	-1
1	4	2	-1	-1	-1	-1	22	2	198	47	900000	100000	-1	-1	-1	-1	-1	-1	-1	-1	-1	-1	-1	-1	-1	-1
176	"칸투루 폐허 사냥터추천"																									
0	3	1	2	3	-1	220	1	-1	-1	-1	-1	1	1	1	1	1	1	1	1	1	1	1	1	1	-1	-1
1	2	354	-1	100	-1	-1	141	37	206	38	1000000	900000	14	371	1	-1	-1	-1	-1	-1	-1	-1	-1	-1	-1	-1
177	"230레벨 달성"																									
0	3	1	1	3	-1	220	1	-1	-1	-1	-1	1	1	1	1	1	1	1	1	1	1	1	1	1	-1	-1
1	3	230	-1	-1	-1	-1	141	37	206	38	1000000	100000	-1	-1	-1	-1	-1	-1	-1	-1	-1	-1	-1	-1	-1	-1
178	"칸투루유적 이동"																									
0	4	1	1	3	-1	230	1	-1	-1	-1	-1	1	1	1	1	1	1	1	1	1	1	1	1	1	-1	-1
1	5	-1	-1	-1	-1	-1	130	38	73	105	100	100	-1	-1	-1	-1	-1	-1	-1	-1	-1	-1	-1	-1	-1	-1
179	"트윈테일 잡기"																									
0	4	1	2	3	-1	230	1	-1	-1	-1	-1	1	1	1	1	1	1	1	1	1	1	1	1	1	-1	-1
1	2	359	-1	50	-1	-1	130	38	110	79	460000	450000	14	371	1	-1	-1	-1	-1	-1	-1	-1	-1	-1	-1	-1
180	"페르소나 잡기"																									
0	4	1	2	3	-1	230	1	-1	-1	-1	-1	1	1	1	1	1	1	1	1	1	1	1	1	1	-1	-1
1	2	358	-1	50	-1	-1	130	38	110	79	470000	460000	14	85	1	-1	-1	-1	-1	-1	-1	-1	-1	-1	-1	-1
181	"드레드피어 잡기"																									
0	4	1	2	3	-1	230	1	-1	-1	-1	-1	1	1	1	1	1	1	1	1	1	1	1	1	1	-1	-1
1	2	360	-1	50	-1	-1	160	38	153	138	480000	470000	14	371	1	-1	-1	-1	-1	-1	-1	-1	-1	-1	-1	-1
182	"칸투루 폐허 사냥터추천"																									
0	4	1	2	3	-1	230	1	-1	-1	-1	-1	1	1	1	1	1	1	1	1	1	1	1	1	1	-1	-1
1	2	354	-1	100	-1	-1	141	37	206	38	1100000	1000000	14	401	1	-1	-1	-1	-1	-1	-1	-1	-1	-1	-1	-1
183	"240레벨 달성"																									
0	4	1	1	3	-1	230	1	-1	-1	-1	-1	1	1	1	1	1	1	1	1	1	1	1	1	1	-1	-1
1	3	240	-1	-1	-1	-1	141	37	206	38	1100000	100000	-1	-1	-1	-1	-1	-1	-1	-1	-1	-1	-1	-1	-1	-1
184	"칸투루 폐허 사냥터추천"																									
0	4	1	2	3	-1	240	1	-1	-1	-1	-1	1	1	1	1	1	1	1	1	1	1	1	1	1	-1	-1
1	2	354	-1	100	-1	-1	141	37	206	38	1200000	1100000	14	401	1	-1	-1	-1	-1	-1	-1	-1	-1	-1	-1	-1
185	"250레벨 달성"																									
0	4	1	1	3	-1	240	1	-1	-1	-1	-1	1	1	1	1	1	1	1	1	1	1	1	1	1	-1	-1
1	3	250	-1	-1	-1	-1	141	37	206	38	1200000	100000	-1	-1	-1	-1	-1	-1	-1	-1	-1	-1	-1	-1	-1	-1
186	"칸투루 폐허 사냥터추천"																									
0	4	1	2	3	-1	250	1	-1	-1	-1	-1	1	1	1	1	1	1	1	1	1	1	1	1	1	-1	-1
1	2	354	-1	100	-1	-1	141	37	206	38	1300000	1200000	14	401	1	-1	-1	-1	-1	-1	-1	-1	-1	-1	-1	-1
187	"260레벨 달성"																									
0	4	1	1	3	-1	250	1	-1	-1	-1	-1	1	1	1	1	1	1	1	1	1	1	1	1	1	-1	-1
1	3	260	-1	-1	-1	-1	141	37	206	38	1300000	100000	-1	-1	-1	-1	-1	-1	-1	-1	-1	-1	-1	-1	-1	-1
188	"칸투루 폐허 사냥터추천"																									
0	4	1	2	3	-1	260	1	-1	-1	-1	-1	1	1	1	1	1	1	1	1	1	1	1	1	1	-1	-1
1	2	354	-1	100	-1	-1	141	37	206	38	1400000	1300000	14	401	1	-1	-1	-1	-1	-1	-1	-1	-1	-1	-1	-1
189	"270레벨 달성"																									
0	4	1	1	3	-1	260	1	-1	-1	-1	-1	1	1	1	1	1	1	1	1	1	1	1	1	1	-1	-1
1	3	270	-1	-1	-1	-1	141	37	206	38	1400000	100000	-1	-1	-1	-1	-1	-1	-1	-1	-1	-1	-1	-1	-1	-1
190	"칸투루 폐허 사냥터추천"																									
0	4	1	2	3	-1	270	1	-1	-1	-1	-1	1	1	1	1	1	1	1	1	1	1	1	1	1	-1	-1
1	2	354	-1	100	-1	-1	141	37	206	38	1500000	1400000	14	401	1	-1	-1	-1	-1	-1	-1	-1	-1	-1	-1	-1
191	"280레벨 달성"																									
0	4	1	1	3	-1	270	1	-1	-1	-1	-1	1	1	1	1	1	1	1	1	1	1	1	1	1	-1	-1
1	3	280	-1	-1	-1	-1	141	37	206	38	1500000	100000	-1	-1	-1	-1	-1	-1	-1	-1	-1	-1	-1	-1	-1	-1
192	"라클리온 이동"																									
0	4	1	1	3	-1	280	1	-1	-1	-1	-1	1	1	1	1	1	1	1	1	1	1	1	1	1	-1	-1
1	5	-1	-1	-1	-1	-1	287	57	223	211	100	100	-1	-1	-1	-1	-1	-1	-1	-1	-1	-1	-1	-1	-1	-1
193	"아이스워커 잡기"																									
0	4	1	2	3	-1	280	1	-1	-1	-1	-1	1	1	1	1	1	1	1	1	1	1	1	1	1	-1	-1
1	2	454	-1	50	-1	-1	287	57	182	204	490000	480000	14	371	1	-1	-1	-1	-1	-1	-1	-1	-1	-1	-1	-1
194	"자이언트매머드 잡기"																									
0	4	1	2	3	-1	280	1	-1	-1	-1	-1	1	1	1	1	1	1	1	1	1	1	1	1	1	-1	-1
1	2	455	-1	50	-1	-1	287	57	182	204	500000	490000	14	85	1	-1	-1	-1	-1	-1	-1	-1	-1	-1	-1	-1
195	"아이스자이언트 잡기"																									
0	4	1	2	3	-1	280	1	-1	-1	-1	-1	1	1	1	1	1	1	1	1	1	1	1	1	1	-1	-1
1	2	456	-1	50	-1	-1	287	57	122	181	510000	500000	14	86	1	-1	-1	-1	-1	-1	-1	-1	-1	-1	-1	-1
196	"아이언나이트 잡기"																									
0	4	1	2	3	-1	280	1	-1	-1	-1	-1	1	1	1	1	1	1	1	1	1	1	1	1	1	-1	-1
1	2	458	-1	50	-1	-1	287	57	191	137	520000	510000	14	87	1	-1	-1	-1	-1	-1	-1	-1	-1	-1	-1	-1
197	"굴러틴 잡기"																									
0	4	1	2	3	-1	280	1	-1	-1	-1	-1	1	1	1	1	1	1	1	1	1	1	1	1	1	-1	-1
1	2	457	-1	50	-1	-1	287	57	191	137	530000	520000	14	371	1	-1	-1	-1	-1	-1	-1	-1	-1	-1	-1	-1
198	"다크굴러틴 잡기"																									
0	4	1	2	3	-1	285	1	-1	-1	-1	-1	1	1	1	1	1	1	1	1	1	1	1	1	1	-1	-1
1	2	564	-1	50	-1	-1	287	57	83	116	540000	530000	14	85	1	-1	-1	-1	-1	-1	-1	-1	-1	-1	-1	-1
199	"다크매머드 잡기"																									
0	4	1	2	3	-1	285	1	-1	-1	-1	-1	1	1	1	1	1	1	1	1	1	1	1	1	1	-1	-1
1	2	562	-1	50	-1	-1	287	57	83	116	550000	540000	14	86	1	-1	-1	-1	-1	-1	-1	-1	-1	-1	-1	-1
200	"다크자이언트 잡기"																									
0	4	1	2	3	-1	285	1	-1	-1	-1	-1	1	1	1	1	1	1	1	1	1	1	1	1	1	-1	-1
1	2	563	-1	50	-1	-1	287	57	83	116	560000	550000	14	87	1	-1	-1	-1	-1	-1	-1	-1	-1	-1	-1	-1
201	"다크아이언나이트 잡기"																									
0	4	1	2	3	-1	285	1	-1	-1	-1	-1	1	1	1	1	1	1	1	1	1	1	1	1	1	-1	-1
1	2	565	-1	50	-1	-1	287	57	39	87	570000	560000	14	371	1	-1	-1	-1	-1	-1	-1	-1	-1	-1	-1	-1
202	"칸투루 폐허 사냥터추천"																									
0	4	1	2	3	-1	285	1	-1	-1	-1	-1	1	1	1	1	1	1	1	1	1	1	1	1	1	-1	-1
1	2	354	-1	100	-1	-1	141	37	206	38	1600000	1500000	14	401	1	-1	-1	-1	-1	-1	-1	-1	-1	-1	-1	-1
203	"290레벨 달성"																									
0	4	1	1	3	-1	285	1	-1	-1	-1	-1	1	1	1	1	1	1	1	1	1	1	1	1	1	-1	-1
1	3	290	-1	-1	-1	-1	141	37	206	38	1600000	100000	-1	-1	-1	-1	-1	-1	-1	-1	-1	-1	-1	-1	-1	-1
204	"칸투루 폐허 사냥터추천"																									
0	4	1	2	3	-1	290	1	-1	-1	-1	-1	1	1	1	1	1	1	1	1	1	1	1	1	1	-1	-1
1	2	354	-1	100	-1	-1	141	37	206	38	1700000	1600000	14	401	1	-1	-1	-1	-1	-1	-1	-1	-1	-1	-1	-1
205	"300레벨 달성"																									
0	4	1	1	3	-1	290	1	-1	-1	-1	-1	1	1	1	1	1	1	1	1	1	1	1	1	1	-1	-1
1	3	300	-1	-1	-1	-1	141	37	206	38	1700000	100000	13	146	1	-1	-1	-1	-1	-1	-1	-1	-1	-1	-1	-1
206	"아케론 이동"																									
0	4	1	1	3	-1	300	1	-1	-1	-1	-1	1	1	1	1	1	1	1	1	1	1	1	1	1	-1	-1
1	5	-1	-1	-1	-1	-1	417	91	53	190	100	100	13	146	1	-1	-1	-1	-1	-1	-1	-1	-1	-1	-1	-1
207	"아케론 사냥터추천"																									
0	4	1	2	3	-1	300	1	-1	-1	-1	-1	1	1	1	1	1	1	1	1	1	1	1	1	1	-1	-1
1	2	589	-1	200	-1	-1	423	91	169	214	1800000	1700000	14	401	1	13	146	1	-1	-1	-1	-1	-1	-1	-1	-1
208	"320레벨 달성"																									
0	4	1	1	3	-1	300	1	-1	-1	-1	-1	1	1	1	1	1	1	1	1	1	1	1	1	1	-1	-1
1	3	320	-1	-1	-1	-1	423	91	169	214	1800000	100000	13	146	1	-1	-1	-1	-1	-1	-1	-1	-1	-1	-1	-1
209	"아케론 사냥터추천"																									
0	4	1	2	3	-1	320	1	-1	-1	-1	-1	1	1	1	1	1	1	1	1	1	1	1	1	1	-1	-1
1	2	589	-1	200	-1	-1	423	91	169	214	1900000	1800000	14	401	1	13	146	1	-1	-1	-1	-1	-1	-1	-1	-1
210	"340레벨 달성"																									
0	4	1	1	3	-1	320	1	-1	-1	-1	-1	1	1	1	1	1	1	1	1	1	1	1	1	1	-1	-1
1	3	340	-1	-1	-1	-1	423	91	169	214	1900000	100000	13	146	1	-1	-1	-1	-1	-1	-1	-1	-1	-1	-1	-1
211	"아케론 사냥터추천"																									
0	4	1	2	3	-1	340	1	-1	-1	-1	-1	1	1	1	1	1	1	1	1	1	1	1	1	1	-1	-1
1	2	589	-1	200	-1	-1	423	91	169	214	2000000	1900000	14	401	1	13	146	1	-1	-1	-1	-1	-1	-1	-1	-1
212	"360레벨 달성"																									
0	4	1	1	3	-1	340	1	-1	-1	-1	-1	1	1	1	1	1	1	1	1	1	1	1	1	1	-1	-1
1	3	360	-1	-1	-1	-1	423	91	169	214	2000000	100000	13	146	1	-1	-1	-1	-1	-1	-1	-1	-1	-1	-1	-1
213	"아케론 사냥터추천"																									
0	4	1	2	3	-1	360	1	-1	-1	-1	-1	1	1	1	1	1	1	1	1	1	1	1	1	1	-1	-1
1	2	714	-1	200	-1	-1	488	110	221	167	2100000	2000000	14	401	1	13	146	1	-1	-1	-1	-1	-1	-1	-1	-1
214	"380레벨 달성"																									
0	4	1	1	3	-1	360	1	-1	-1	-1	-1	1	1	1	1	1	1	1	1	1	1	1	1	1	-1	-1
1	3	380	-1	-1	-1	-1	488	110	221	167	2100000	100000	13	146	1	-1	-1	-1	-1	-1	-1	-1	-1	-1	-1	-1
215	"아케론 사냥터추천"																									
0	4	1	2	3	-1	380	1	-1	-1	-1	-1	1	1	1	1	1	1	1	1	1	1	1	1	1	-1	-1
1	2	714	-1	200	-1	-1	488	110	221	167	2200000	2100000	14	402	1	13	146	1	-1	-1	-1	-1	-1	-1	-1	-1
216	"400레벨 달성"																									
0	4	1	1	3	-1	380	1	-1	-1	-1	-1	1	1	1	1	1	1	1	1	1	1	1	1	1	-1	-1
1	3	400	-1	-1	-1	-1	488	110	221	167	2200000	100000	-1	-1	-1	-1	-1	-1	-1	-1	-1	-1	-1	-1	-1	-1
217	"3차 전직 퀘스트 완료"																									
0	4	1	1	3	-1	400	1	-1	-1	-1	-1	1	1	1	1	1	1	1	1	1	1	1	1	1	-1	-1
1	4	6	-1	-1	-1	-1	118	34	228	47	2200000	100000	-1	-1	-1	-1	-1	-1	-1	-1	-1	-1	-1	-1	-1	-1
end																										
