																								
0
//otnIndex	opName	allow??																						
1	"방어력 증가"	1																						
2	"방어 성공율 증가"	1																						
3	"기본 방어력 증가"	1																						
4	"데미지 감소"	1																						
5	"힘 증가"	1																						
6	"민첩 증가"	1																						
7	"체력 증가"	1																						
8	"에너지 증가"	1																						
9	"통솔 증가"	1																						
10	"최대 생명 증가"	1																						
11	"최대 마나 증가"	1																						
12	"최대 AG 증가"	1																						
13	"최대 SD 증가"	1																						
14	"엑설런트 데미지 증가"	1																						
15	"크리티컬 데미지 증가"	1																						
16	"공격속도 증가"	1																						
17	"스킬 공격력 증가"	1																						
18	"속성 방어력 증가"	1																						
19	"속성 공격력 증가"	1																						
20	"속성 방어 성공율 증가"	1																						
21	"속성 공격 성공율 증가"	1																						
22	"최대 공격력/마력 증가"	1																						
23	"최소 공격력/마력 증가"	1																						
24	"공격력/마력 증가"	1																						
25	"최대 저주력 증가"	1																						
26	"최소 저주력 증가"	1																						
27	"저주력 증가"	1																						
28	"모든 스탯 증가"	1																						
end
																							
1
//OptionGroup optIndex	subName	unk		unk																												formulaID																					
1	1	"방어력 증가"			1		18000	2	60000	3	100000	4	150000	5	170000	6	200000	7	150000	8	100000	9	50000	10	2000	1	
2	2	"방어 성공율 증가"		1		18000	2	60000	3	100000	4	150000	5	170000	6	200000	7	150000	8	100000	9	50000	10	2000	1	
3	3	"기본 방어력 증가"		1		18000	2	60000	3	100000	4	150000	5	170000	6	200000	7	150000	8	100000	9	50000	10	2000	3	
4	4	"데미지 감소"			1		18000	2	60000	3	100000	4	150000	5	170000	6	200000	7	150000	8	100000	9	50000	10	2000	3	
5	5	"힘 증가"				1		18000	2	60000	3	100000	4	150000	5	170000	6	200000	7	150000	8	100000	9	50000	10	2000	0	
6	6	"민첩 증가"				1		18000	2	60000	3	100000	4	150000	5	170000	6	200000	7	150000	8	100000	9	50000	10	2000	0	
7	7	"체력 증가"				1		18000	2	60000	3	100000	4	150000	5	170000	6	200000	7	150000	8	100000	9	50000	10	2000	0	
8	8	"에너지 증가"			1		18000	2	60000	3	100000	4	150000	5	170000	6	200000	7	150000	8	100000	9	50000	10	2000	0	
9	9	"통솔 증가"				1		18000	2	60000	3	100000	4	150000	5	170000	6	200000	7	150000	8	100000	9	50000	10	2000	0	
10	10	"최대 생명 증가"			1		18000	2	60000	3	100000	4	150000	5	170000	6	200000	7	150000	8	100000	9	50000	10	2000	2	
11	11	"최대 마나 증가"			1		18000	2	60000	3	100000	4	150000	5	170000	6	200000	7	150000	8	100000	9	50000	10	2000	2	
12	12	"최대 AG 증가"			1		18000	2	60000	3	100000	4	150000	5	170000	6	200000	7	150000	8	100000	9	50000	10	2000	2	
13	13	"최대 SD 증가"			1		18000	2	60000	3	100000	4	150000	5	170000	6	200000	7	150000	8	100000	9	50000	10	2000	2	
14	14	"엑설런트 데미지 증가"		1		18000	2	60000	3	100000	4	150000	5	170000	6	200000	7	150000	8	100000	9	50000	10	2000	3	
15	15	"크리티컬 데미지 증가"		1		18000	2	60000	3	100000	4	150000	5	170000	6	200000	7	150000	8	100000	9	50000	10	2000	3	
16	16	"공격속도 증가"			1		8000	2	330000	3	330000	4	330000	5	2000	-1	-1	-1	-1	-1	-1	-1	-1	-1	-1	4	
17	17	"스킬 공격력 증가"		1		18000	2	60000	3	100000	4	150000	5	170000	6	200000	7	150000	8	100000	9	50000	10	2000	0	
18	18	"속성 방어력 증가"		1		18000	2	60000	3	100000	4	150000	5	170000	6	200000	7	150000	8	100000	9	50000	10	2000	0	
19	19	"속성 공격력 증가"		1		18000	2	60000	3	100000	4	150000	5	170000	6	200000	7	150000	8	100000	9	50000	10	2000	0	
20	20	"속성 방어 성공율 증가"		1		18000	2	60000	3	100000	4	150000	5	170000	6	200000	7	150000	8	100000	9	50000	10	2000	1	
21	21	"속성 공격 성공율 증가"		1		18000	2	60000	3	100000	4	150000	5	170000	6	200000	7	150000	8	100000	9	50000	10	2000	1	
22	22	"최대 공격력/마력 증가"		1		18000	2	60000	3	100000	4	150000	5	170000	6	200000	7	150000	8	100000	9	50000	10	2000	0	
23	23	"최소 공격력/마력 증가"		1		18000	2	60000	3	100000	4	150000	5	170000	6	200000	7	150000	8	100000	9	50000	10	2000	0	
24	24	"공격력/마력 증가"		1		18000	2	60000	3	100000	4	150000	5	170000	6	200000	7	150000	8	100000	9	50000	10	2000	0	
25	25	"최대 저주력 증가"		1		18000	2	60000	3	100000	4	150000	5	170000	6	200000	7	150000	8	100000	9	50000	10	2000	0	
26	26	"최소 저주력 증가"		1		18000	2	60000	3	100000	4	150000	5	170000	6	200000	7	150000	8	100000	9	50000	10	2000	0	
27	27	"저주력 증가"			1		18000	2	60000	3	100000	4	150000	5	170000	6	200000	7	150000	8	100000	9	50000	10	2000	0	
28	28	"모든 스탯 증가"			100		-1	-1	-1	-1	-1	-1	-1	-1	-1	-1	-1	-1	-1	-1	-1	-1	-1	-1	-1	-1	
29	22	"최대 공격력/마력 증가"		1		18000	2	60000	3	100000	4	150000	5	170000	6	200000	7	150000	8	100000	9	50000	10	2000	5	
30	23	"최소 공격력/마력 증가"		1		18000	2	60000	3	100000	4	150000	5	170000	6	200000	7	150000	8	100000	9	50000	10	2000	5	
31	24	"공격력/마력 증가"		1		18000	2	60000	3	100000	4	150000	5	170000	6	200000	7	150000	8	100000	9	50000	10	2000	5	
32	25	"최대 저주력 증가"		1		18000	2	60000	3	100000	4	150000	5	170000	6	200000	7	150000	8	100000	9	50000	10	2000	5	
33	26	"최소 저주력 증가"		1		18000	2	60000	3	100000	4	150000	5	170000	6	200000	7	150000	8	100000	9	50000	10	2000	5	
34	27	"저주력 증가"			1		18000	2	60000	3	100000	4	150000	5	170000	6	200000	7	150000	8	100000	9	50000	10	2000	5	
end																								
																								
																								
																								
																								
																								
																								
																								
																								
																								
																								
																								
																								
																								
																								
																								
																								
																								
																								
