//Number Type   Index   Quantity   Level   Option1   Option2   Option3   NewOption   DropMinLevel   DropMaxLevel   ItemDropRate   RequireIndex   RequireState   PartyMode   DW      DK      FE      MG      DL      SU      RF      GL      RW	    SL      GC      KM      LM      IK
0        2      0       1000000    0       0         0         0         0           *              *              *              0              0              0	    	1       1       1       0       0       1       0       0       1       1       1	    1	    1	    1
0        2      0       1000000    0       0         0         0         0           *              *              *              0              3              0	    	1       1       1       0       0       1       0       0       1       1       1	    1	    1	    1
//Drop Scroll of Emperor - DW-DK-FE-SU-RW-SL-GC-KM-LM-IK																																																																			 
0        1      7191    1          0       0         0         0         0           45             60             3000           0              1              1	    	1       1       1       0       0       1       0       0       1       1       1	    1	    1	    1       
0        2      0       2000000    0       0         0         0         0           *              *              *              1              0              0	    	1       1       1       0       0       1       0       0       1       1       1	    1	    1	    1       
0        2      0       2000000    0       0         0         0         0           *              *              *              1              3              0	    	1       1       1       0       0       1       0       0       1       1       1	    1	    1	    1
//Drop Broken Sword - DK-SL-GC-IK																																																																			  
0        1      7192    1          0       0         0         0         0           62             76             3000           1              1              1	    	0       1       0       0       0       0       0       0       0       1       1	    0	    0	    1
//Drop Tear of Elf - FE																																																																				   
0        1      7193    1          0       0         0         0         0           62             76             3000           1              1              1	    	0       0       1       0       0       0       0       0       0       0       0       0       0	    0
//Drop Soul Shard of Wizard - DW-RW-KM-LM																																																																			 
0        1      7194    1          0       0         0         0         0           62             76             3000           1              1              1	    	1       0       0       0       0       0       0       0       1       0       0       1       1	    0
//Drop Abyssal Eye - SU																																																																				   
0        1      7236    1          0       0         0         0         0           62             76             3000           1              1              1	    	0       0       0       0       0       1       0       0       0       0       0       0       0	    0
0        2      0       3000000    0       0         0         0         0           *              *              *              2              0              0	    	2       2       2       0       0       2       0       0       2       2       2	    2	    2	    1
0        2      0       3000000    0       0         0         0         0           *              *              *              2              3              0	    	2       2       2       0       0       2       0       0       2       2       2	    2	    2	    1
//Drop Ring of Honor - DW-DK-FE-SU-RW-SL-GC-KM-LM-IK																																																																			 
0        1      7191    1          1       0         0         0         0           72             108            3000           2              1              1	    	2       2       2       0       0       2       0       0       2       2       2	    2	    2	    1
0        2      0       2000000    0       0         0         0         0           *              *              *              3              0              0	    	0       2       0       0       0       0       0       1       0       0       0       0       0	    0
0        2      0       2000000    0       0         0         0         0           *              *              *              3              3              0	    	0       2       0       0       0       0       0       1       0       0       0       0       0	    0
//Drop Dark Stone - DK-GL-SL																																																																			
0        1      7192    1          1       0         0         0         0           72             108            3000           3              1              1       	0       2       0       0       0       0       0       1       0       2       0       0       0	    0
0        2      0       5000000    0       0         0         0         0           *              *              *              4              0              0	    	2       2       2       1       1       2       1       1       2       2       2	    2	    2	    2
0        2      0       5000000    0       0         0         0         0           *              *              *              4              3              0	    	2       2       2       1       1       2       1       1       2       2       2	    2	    2	    2
//Drop Death-beam Knight Flame - DW-DK-FE-MG-DL-SU-RF-RW-SL-GC-KM-LM-IK																																																																			
0        1      7233    1          0       0         0         0         0           *              63             3000           4              1              1	    	2       2       2       1       1       2       1       1       2       2       2	    2	    2	    2
//Drop Hell-Miner Horn - DW-DK-FE-MG-DL-SU-RF-RW-SL-GC-KM-LM-IK																																																																				
1        1      7234    1          0       0         0         0         0           *              309            3000           4              1              1	    	2       2       2       1       1       2       1       1       2       2       2	    2	    2	    2
//Drop Dark Phoenix Feather - DW-DK-FE-MG-DL-SU-RF-RW-SL-GC-KM-LM-IK																																																																			 
2        1      7235    1          0       0         0         0         0           *              77             3000           4              1              1	    	2       2       2       1       1       2       1       1       2       2       2	    2	    2	    2
0        2      0       7000000    0       0         0         0         0           *              *              *              5              0              0	    	2       2       2       1       1       2       1       1       2       2       2	    2	    2	    2
0        2      0       7000000    0       0         0         0         0           *              *              *              5              3              0	    	2       2       2       1       1       2       1       1       2       2       2	    2	    2	    2
//Quest Level 400																																																																				 
0        4      409     20         0       0         0         0         0           *              *              *              5              1              1	    	2       2       2       1       1       2       1       1       2       2       2	    2	    2	    2
1        4      410     20         0       0         0         0         0           *              *              *              5              1              1	    	2       2       2       1       1       2       1       1       2       2       2	    2	    2	    2
2        4      411     20         0       0         0         0         0           *              *              *              5              1              1	    	2       2       2       1       1       2       1       1       2       2       2	    2	    2	    2
//																																																																			  
0        2      0       10000000   0       0         0         0         0           *              *              *              6              0              0	    	2       2       2       1       1       2       1       1       2       2       2	    2	    2	    2
0        2      0       10000000   0       0         0         0         0           *              *              *              6              3              0	    	2       2       2       1       1       2       1       1       2       2       2	    2	    2	    2
//Quest 400 Dark Elf																																																																			
0        4      412     1          0       0         0         0         0           *              *              *              6              1              1	    	2       2       2       1       1       2       1       1       2       2       2	    2	    2	    2
//																																																																			  
0        4      763     1          0       0         0         0         0           *              *              *              7              1              1	    	3       3       3       3       3       3       3       3       3       3       3	    3	    3	    3
0        4      767     5          0       0         0         0         0           *              *              *              8              1              1	    	3       3       3       3       3       3       3       3       3       3       3	    3	    3	    3
1        4      770     5          0       0         0         0         0           *              *              *              8              1              1	    	3       3       3       3       3       3       3       3       3       3       3	    3	    3	    3
2        4      771     5          0       0         0         0         0           *              *              *              8              1              1	    	3       3       3       3       3       3       3       3       3       3       3	    3	    3	    3
0        4      763     1          0       0         0         0         0           *              *              *              9              1              1	    	3       3       3       3       3       3       3       3       3       3       3	    3	    3	    3
end