//=====================================================================================================
//GuardianOption S18.2
//=====================================================================================================
0
//Index		Name
0		"Elemental Damage Increase +%d"
1		"Elemental Defense Increase +%d"
2		"(up to %d Lvl) Defense increase by %0.1f every 20 Lv"
3		"(up to %d Lvl) Attack/Wizardry/Curse damage increase by 0.1f every 20 Lv"
4		"A 3%% chance of health recovery by %d"
end
//=====================================================================================================
1
//GuardianID	Index	FormulaID	LevelMin	LevelMax
1				0		0			0			*				
1				1		1			0			*				
1				2		2			0			1100				
1				3		3			0			1100				
1				4		4			0			*				
2				0		10			0			*				
2				1		11			0			*				
2				2		12			0			1100				
2				3		13			0			1100				
2				4		14			0			*
3				0		20			0			*				
3				1		21			0			*				
3				2		22			0			1100				
3				3		23			0			1100				
3				4		24			0			*	
4				0		31			0			*			
4				1		32			0			*			
4				2		33			0			1100			
4				3		34			0			1100			
4				4		35			0			*
5				0		41			0			*			
5				1		42			0			*			
5				2		43			0			1100			
5				3		44			0			1100			
5				4		45			0			*		
end
//=====================================================================================================
2
//OptionRate1	OptionRate2	OptionRate3	OptionRate4
7000		2000		1000		0
end
//=====================================================================================================
3
//Index		Name
0		"Bleeding Damage Resistance +%d"
1		"Poison Damage Resistance +%d"
2		"Attack Reduction Resistance +%d"
3		"Attack Speed Reduction Resistance +%d"
4		"Defense Reduction Resistance +%d"
end
//=====================================================================================================
4
//GuardianID	Index	OptionType1	FormulaID1	ValueType1	OptionType2	FormulaID2	ValueType2
1		0	0		5		0		2		7		0	
1		1	1		6		0		2		7		0	
1		2	0		5		0		3		8		0	
1		3	1		6		0		4		9		0	
1		4	0		5		0		4		9		0	
2		0	0		15		0		2		17		0	
2		1	1		16		0		2		17		0	
2		2	0		15		0		3		18		0	
2		3	1		16		0		4		19		0	
2		4	0		15		0		4		19		0
3		0	0		25		0		2		27		0	
3		1	1		26		0		2		27		0	
3		2	0		25		0		3		28		0	
3		3	1		26		0		4		29		0	
3		4	0		25		0		4		29		0
4		0	0		36		0		2		38		0
4		1	1		37		0		2		38		0
4		2	0		36		0		3		39		0
4		3	1		37		0		4		40		0
4		4	0		36		0		4		40		0
5		0	0		46		0		2		48		0
5		1	1		47		0		2		48		0
5		2	0		46		0		3		49		0
5		3	1		47		0		4		50		0
5		4	0		46		0		4		50		0
end
//=====================================================================================================