//Quest Index	Quest Name													 
11	"Move to Lorencia"																									
//TemplateType	QuestChapter	QuestCategory	QuestImportance	QuestStartType	StartSubType	LevelMin	QuestRepeatCycle	PrecedenceQuest	QuestStartItemType	QuestStartItemIndex	QuestCheckGens	DW	DK	FE	MG	DL	SU	RF	GL	RW	SL	GC	KM	LM	IK	StartText	StartErrorText																														
0	1	1	1	3	-1	1	1	-1	-1	-1	-1	1	1	0	1	1	0	1	1	0	1	0	1	1	1	-1	-1
//TemplateType	Quest Type	QMainType	QSubType	Taget Number	Target MobMaxLv 	DropRate	GateNumber	MapNumber	CoordinateX	CoordinateY	RewardExp	RewardZen	RewardItemType01	RewardItemIndex01	ReItemCount01	RewardItemType02	RewardItemID02	ReItemCount02	RewardItemType03	RewardItemID03	ReItemCount03	Reward Type	Reward SubType	Reward Number	ProgressText	CompletetText																																																																																											   
1	5	-1	-1	-1	-1	-1	17	0	167	129	85	100	-1	-1	-1	-1	-1	-1	-1	-1	-1	-1	-1	-1	-1	-1	
12	"Move to Noria"																									
0	1	1	1	3	-1	1	1	-1	-1	-1	-1	0	0	1	0	0	0	0	0	1	0	0	0	0	0	-1	-1
1	5	-1	-1	-1	-1	-1	27	3	168	86	85	100	-1	-1	-1	-1	-1	-1	-1	-1	-1	-1	-1	-1	-1	-1	
13	"Move to Elbeland"																									
0	1	1	1	3	-1	1	1	-1	-1	-1	-1	0	0	0	0	0	1	0	0	0	0	1	0	0	0	-1	-1
1	5	-1	-1	-1	-1	-1	267	51	72	218	85	100	-1	-1	-1	-1	-1	-1	-1	-1	-1	-1	-1	-1	-1	-1	
14	"Hunt Lorencia Spider"																									
0	1	1	2	3	-1	2	1	-1	-1	-1	-1	1	1	0	1	1	0	1	1	0	1	0	1	1	1	-1	-1
1	2	3	-1	3	-1	-1	17	0	193	126	300	2000	14	373	1	-1	-1	-1	-1	-1	-1	-1	-1	-1	-1	-1	
15	"Hunt Noria Spider"																									
0	1	1	2	3	-1	2	1	-1	-1	-1	-1	0	0	1	0	0	0	0	0	1	0	0	0	0	0	-1	-1
1	2	3	-1	3	-1	-1	27	3	164	80	300	2000	14	373	1	-1	-1	-1	-1	-1	-1	-1	-1	-1	-1	-1	
16	"Hunt Elbeland Spider"																									
0	1	1	2	3	-1	2	1	-1	-1	-1	-1	0	0	0	0	0	1	0	0	0	0	1	0	0	0	-1	-1
1	2	3	-1	3	-1	-1	267	51	118	222	300	2000	14	373	1	-1	-1	-1	-1	-1	-1	-1	-1	-1	-1	-1	
17	"Hunt Lorencia Bull Fighter"																									
0	1	1	2	3	-1	2	1	-1	-1	-1	-1	1	1	0	1	1	0	1	1	0	1	0	1	1	1	-1	-1
1	2	0	-1	5	-1	-1	17	0	179	55	500	3000	-1	-1	-1	-1	-1	-1	-1	-1	-1	-1	-1	-1	-1	-1	
18	"Hunt Noria Chain Scorpion"																									
0	1	1	2	3	-1	2	1	-1	-1	-1	-1	0	0	1	0	0	0	0	0	1	0	0	0	0	0	-1	-1
1	2	27	-1	5	-1	-1	27	3	136	79	500	3000	-1	-1	-1	-1	-1	-1	-1	-1	-1	-1	-1	-1	-1	-1	
19	"Hunt Elbeland Infected Butterfly"																									
0	1	1	2	3	-1	2	1	-1	-1	-1	-1	0	0	0	0	0	1	0	0	0	0	1	0	0	0	-1	-1
1	2	421	-1	5	-1	-1	267	51	132	212	500	3000	-1	-1	-1	-1	-1	-1	-1	-1	-1	-1	-1	-1	-1	-1	
20	"Hunt Lorencia Giant"																									
0	1	1	2	3	-1	2	1	-1	-1	-1	-1	1	1	0	1	1	0	1	1	0	1	0	1	1	1	-1	-1
1	2	7	-1	5	-1	-1	17	0	42	52	1200	7000	-1	-1	-1	-1	-1	-1	-1	-1	-1	-1	-1	-1	-1	-1	
21	"Hunt Noria Beetle Monster"																									
0	1	1	2	3	-1	2	1	-1	-1	-1	-1	0	0	1	0	0	0	0	0	1	0	0	0	0	0	-1	-1
1	2	28	-1	5	-1	-1	27	3	102	83	1200	7000	-1	-1	-1	-1	-1	-1	-1	-1	-1	-1	-1	-1	-1	-1	
22	"Hunt Elbeland Strange Rabbit"																									
0	1	1	2	3	-1	2	1	-1	-1	-1	-1	0	0	0	0	0	1	0	0	0	0	1	0	0	0	-1	-1
1	2	418	-1	5	-1	-1	267	51	126	192	1200	7000	-1	-1	-1	-1	-1	-1	-1	-1	-1	-1	-1	-1	-1	-1	
23	"Move to Lorencia Equipment Merchant"																									
0	1	1	1	3	-1	5	1	-1	-1	-1	-1	1	1	0	1	1	0	1	1	0	1	0	1	1	1	-1	-1
1	5	-1	-1	-1	-1	-1	17	0	117	140	100	100	-1	-1	-1	-1	-1	-1	-1	-1	-1	-1	-1	-1	-1	-1	
24	"Move to Noria Equipment Merchant"																									
0	1	1	1	3	-1	5	1	-1	-1	-1	-1	0	0	1	0	0	0	0	0	1	0	0	0	0	0	-1	-1
1	5	-1	-1	-1	-1	-1	27	3	173	126	100	100	-1	-1	-1	-1	-1	-1	-1	-1	-1	-1	-1	-1	-1	-1	
25	"Move to Elbeland Equipment Merchant"																									
0	1	1	1	3	-1	5	1	-1	-1	-1	-1	0	0	0	0	0	1	0	0	0	0	1	0	0	0	-1	-1
1	5	-1	-1	-1	-1	-1	267	51	31	236	100	100	-1	-1	-1	-1	-1	-1	-1	-1	-1	-1	-1	-1	-1	-1	
26	"Collect Lorencia Apple"																									
0	1	1	2	3	-1	5	1	-1	-1	-1	-1	1	1	0	1	1	0	1	1	0	1	0	1	1	1	-1	-1
1	1	14	0	5	0	0	17	0	193	126	1000	200	14	373	1	-1	-1	-1	-1	-1	-1	-1	-1	-1	-1	-1	
27	"Collect Noria Apple"																									
0	1	1	2	3	-1	5	1	-1	-1	-1	-1	0	0	1	0	0	0	0	0	1	0	0	0	0	0	-1	-1
1	1	14	0	5	0	0	27	3	164	80	1000	200	14	373	1	-1	-1	-1	-1	-1	-1	-1	-1	-1	-1	-1	
28	"Collect Elbeland Apple"																									
0	1	1	2	3	-1	5	1	-1	-1	-1	-1	0	0	0	0	0	1	0	0	0	0	1	0	0	0	-1	-1
1	1	14	0	5	0	0	267	51	118	222	1000	200	14	373	1	-1	-1	-1	-1	-1	-1	-1	-1	-1	-1	-1	
29	"Hunt Lorencia Bull Fighter Captain"																									
0	1	1	2	3	-1	5	1	-1	-1	-1	-1	1	1	0	1	1	0	1	1	0	1	0	1	1	1	-1	-1
1	2	4	-1	7	-1	-1	17	0	34	98	1500	6000	-1	-1	-1	-1	-1	-1	-1	-1	-1	-1	-1	-1	-1	-1	
30	"Hunt Noria Hunter"																									
0	1	1	2	3	-1	5	1	-1	-1	-1	-1	0	0	1	0	0	0	0	0	1	0	0	0	0	0	-1	-1
1	2	29	-1	7	-1	-1	27	3	106	37	1500	6000	-1	-1	-1	-1	-1	-1	-1	-1	-1	-1	-1	-1	-1	-1	
31	"Hunt Elbeland Strange Rabbit"																									
0	1	1	2	3	-1	5	1	-1	-1	-1	-1	0	0	0	0	0	1	0	0	0	0	1	0	0	0	-1	-1
1	2	418	-1	7	-1	-1	267	51	126	192	1500	6000	-1	-1	-1	-1	-1	-1	-1	-1	-1	-1	-1	-1	-1	-1	
32	"Hunt Lorencia Hound"																									
0	1	1	2	3	-1	5	1	-1	-1	-1	-1	1	1	0	1	1	0	1	1	0	1	0	1	1	1	-1	-1
1	2	1	-1	7	-1	-1	17	0	63	195	2000	8000	-1	-1	-1	-1	-1	-1	-1	-1	-1	-1	-1	-1	-1	-1	
33	"Hunt Noria Goblin Captain"																									
0	1	1	2	3	-1	5	1	-1	-1	-1	-1	0	0	1	0	0	0	0	0	1	0	0	0	0	0	-1	-1
1	2	33	-1	7	-1	-1	27	3	81	116	2000	8000	-1	-1	-1	-1	-1	-1	-1	-1	-1	-1	-1	-1	-1	-1	
34	"Hunt Elbeland Hideous Rabbit"																									
0	1	1	2	3	-1	5	1	-1	-1	-1	-1	0	0	0	0	0	1	0	0	0	0	1	0	0	0	-1	-1
1	2	419	-1	7	-1	-1	267	51	142	144	2000	8000	-1	-1	-1	-1	-1	-1	-1	-1	-1	-1	-1	-1	-1	-1	
35	"Hunt Lorencia Skeleton Warrior"																									
0	1	1	2	3	-1	5	1	-1	-1	-1	-1	1	1	0	1	1	0	1	1	0	1	0	1	1	1	-1	-1
1	2	14	-1	10	-1	-1	17	0	118	207	2200	10000	-1	-1	-1	-1	-1	-1	-1	-1	-1	-1	-1	-1	-1	-1	
36	"Hunt Noria Forest Monster"																									
0	1	1	2	3	-1	5	1	-1	-1	-1	-1	0	0	1	0	0	0	0	0	1	0	0	0	0	0	-1	-1
1	2	30	-1	10	-1	-1	27	3	134	208	2200	10000	-1	-1	-1	-1	-1	-1	-1	-1	-1	-1	-1	-1	-1	-1	
37	"Hunt Elbeland Hideous Rabbit"																									
0	1	1	2	3	-1	5	1	-1	-1	-1	-1	0	0	0	0	0	1	0	0	0	0	1	0	0	0	-1	-1
1	2	419	-1	10	-1	-1	267	51	142	144	2200	10000	-1	-1	-1	-1	-1	-1	-1	-1	-1	-1	-1	-1	-1	-1	
38	"Hunt Lorencia Lich"																									
0	1	1	2	3	-1	5	1	-1	-1	-1	-1	1	1	0	1	1	0	1	1	0	1	0	1	1	1	-1	-1
1	2	6	-1	10	-1	-1	17	0	166	225	2500	15000	14	85	1	-1	-1	-1	-1	-1	-1	-1	-1	-1	-1	-1	
39	"Hunt Noria Agon"																									
0	1	1	2	3	-1	5	1	-1	-1	-1	-1	0	0	1	0	0	0	0	0	1	0	0	0	0	0	-1	-1
1	2	31	-1	10	-1	-1	27	3	229	224	2500	15000	14	85	1	-1	-1	-1	-1	-1	-1	-1	-1	-1	-1	-1	
40	"Hunt Elbeland Hideous Rabbit"																									
0	1	1	2	3	-1	5	1	-1	-1	-1	-1	0	0	0	0	0	1	0	0	0	0	1	0	0	0	-1	-1
1	2	419	-1	10	-1	-1	267	51	142	144	2500	15000	14	85	1	-1	-1	-1	-1	-1	-1	-1	-1	-1	-1	-1	
41	"Move to Lorencia Skill Merchant"																									
0	1	1	1	3	-1	7	1	-1	-1	-1	-1	1	1	0	1	1	0	1	1	0	1	0	1	1	1	-1	-1
1	5	-1	-1	-1	-1	-1	17	0	119	113	100	100	-1	-1	-1	-1	-1	-1	-1	-1	-1	-1	-1	-1	-1	-1	
42	"Move to Noria Skill Merchant"																									
0	1	1	1	3	-1	7	1	-1	-1	-1	-1	0	0	1	0	0	0	0	0	1	0	0	0	0	0	-1	-1
1	5	-1	-1	-1	-1	-1	27	3	173	126	100	100	-1	-1	-1	-1	-1	-1	-1	-1	-1	-1	-1	-1	-1	-1	
43	"Move to Elbeland Skill Merchant"																									
0	1	1	1	3	-1	7	1	-1	-1	-1	-1	0	0	0	0	0	1	0	0	0	0	1	0	0	0	-1	-1
1	5	-1	-1	-1	-1	-1	267	51	36	218	100	100	-1	-1	-1	-1	-1	-1	-1	-1	-1	-1	-1	-1	-1	-1	
44	"Move to Elbeland 2"																									
0	1	1	1	3	-1	7	1	-1	-1	-1	-1	1	1	1	1	1	1	1	1	1	1	1	1	1	1	-1	-1
1	5	-1	-1	-1	-1	-1	268	51	99	49	100	100	-1	-1	-1	-1	-1	-1	-1	-1	-1	-1	-1	-1	-1	-1	
45	"Hunt Elbeland 2 Werewolf"																									
0	1	1	2	3	-1	10	1	-1	-1	-1	-1	1	1	1	1	1	1	1	1	1	1	1	1	1	1	-1	-1
1	2	420	-1	12	-1	-1	268	51	78	58	3000	17000	16	40	1	-1	-1	-1	-1	-1	-1	-1	-1	-1	-1	-1	
46	"Hunt Elbeland 2 Lich"																									
0	1	1	2	3	-1	10	1	-1	-1	-1	-1	1	1	1	1	1	1	1	1	1	1	1	1	1	1	-1	-1
1	2	422	-1	12	-1	-1	268	51	78	58	3500	17000	14	373	1	-1	-1	-1	-1	-1	-1	-1	-1	-1	-1	-1	
47	"Hunt Elbeland Totem Golem"																									
0	1	1	2	3	-1	13	1	-1	-1	-1	-1	1	1	1	1	1	1	1	1	1	1	1	1	1	1	-1	-1
1	2	423	-1	15	-1	-1	269	51	192	149	5500	17000	14	85	1	-1	-1	-1	-1	-1	-1	-1	-1	-1	-1	-1	
48	"Hunt Elbeland Captain Grizzly"																									
0	1	1	2	3	-1	17	1	-1	-1	-1	-1	1	1	1	1	1	1	1	1	1	1	1	1	1	1	-1	-1
1	2	425	-1	15	-1	-1	269	51	215	43	7500	17000	-1	-1	-1	-1	-1	-1	-1	-1	-1	-1	-1	-1	-1	-1	
49	"Reach Lv. 20"																									
0	1	1	1	3	-1	17	1	-1	-1	-1	-1	1	1	1	1	1	1	1	1	1	1	1	1	1	1	-1	-1
1	3	20	-1	-1	-1	-1	268	51	78	58	10000	10000	-1	-1	-1	-1	-1	-1	-1	-1	-1	-1	-1	-1	-1	-1	
50	"Move to Devias"																									
0	1	1	1	3	-1	20	1	-1	-1	-1	-1	1	1	1	1	1	1	1	1	1	1	1	1	1	1	-1	-1
1	5	-1	-1	-1	-1	-1	22	2	173	42	100	100	-1	-1	-1	-1	-1	-1	-1	-1	-1	-1	-1	-1	-1	-1	
51	"Hunt Devias Worm"																									
0	1	1	2	3	-1	20	1	-1	-1	-1	-1	1	1	1	1	1	1	1	1	1	1	1	1	1	1	-1	-1
1	2	24	-1	15	-1	-1	22	2	217	87	9500	20000	14	373	1	-1	-1	-1	-1	-1	-1	-1	-1	-1	-1	-1	
52	"Hunt Devias Hommerd 1"																									
0	1	1	2	3	-1	20	1	-1	-1	-1	-1	1	1	1	1	1	1	1	1	1	1	1	1	1	1	-1	-1
1	2	23	-1	5	-1	-1	22	2	208	118	5500	5000	-1	-1	-1	-1	-1	-1	-1	-1	-1	-1	-1	-1	-1	-1	
53	"Hunt Ice Monster"																									
0	1	1	2	3	-1	20	1	-1	-1	-1	-1	1	1	1	1	1	1	1	1	1	1	1	1	1	1	-1	-1
1	2	22	-1	5	-1	-1	22	2	166	116	5500	5000	-1	-1	-1	-1	-1	-1	-1	-1	-1	-1	-1	-1	-1	-1	
54	"Hunt Assassin"																									
0	1	1	2	3	-1	20	1	-1	-1	-1	-1	1	1	1	1	1	1	1	1	1	1	1	1	1	1	-1	-1
1	2	21	-1	15	-1	-1	22	2	122	27	10500	20000	14	373	1	-1	-1	-1	-1	-1	-1	-1	-1	-1	-1	-1	
55	"Hunt Yeti"																									
0	1	1	2	3	-1	20	1	-1	-1	-1	-1	1	1	1	1	1	1	1	1	1	1	1	1	1	1	-1	-1
1	2	19	-1	15	-1	-1	72	2	114	71	11000	20000	-1	-1	-1	-1	-1	-1	-1	-1	-1	-1	-1	-1	-1	-1	
56	"Hunt Elite Yeti 1"																									
0	1	1	2	3	-1	25	1	-1	-1	-1	-1	1	1	1	1	1	1	1	1	1	1	1	1	1	1	-1	-1
1	2	20	-1	15	-1	-1	73	2	53	64	11500	20000	-1	-1	-1	-1	-1	-1	-1	-1	-1	-1	-1	-1	-1	-1	
57	"Hunt Yeti 2"																									
0	1	1	2	3	-1	25	1	-1	-1	-1	-1	1	1	1	1	1	1	1	1	1	1	1	1	1	1	-1	-1
1	2	19	-1	15	-1	-1	73	2	102	164	11500	20000	14	85	1	-1	-1	-1	-1	-1	-1	-1	-1	-1	-1	-1	
58	"Hunt Hommerd 2"																									
0	1	1	2	3	-1	25	1	-1	-1	-1	-1	1	1	1	1	1	1	1	1	1	1	1	1	1	1	-1	-1
1	2	23	-1	15	-1	-1	73	2	47	209	12000	20000	13	1	1	-1	-1	-1	-1	-1	-1	-1	-1	-1	-1	-1	
59	"Reach Lv. 30"																									
0	1	1	1	3	-1	25	1	-1	-1	-1	-1	1	1	1	1	1	1	1	1	1	1	1	1	1	1	-1	-1
1	3	30	-1	-1	-1	-1	73	2	47	209	15000	12000	-1	-1	-1	-1	-1	-1	-1	-1	-1	-1	-1	-1	-1	-1	
60	"Move to Dungeon"																									
0	1	1	1	3	-1	30	1	-1	-1	-1	-1	1	1	1	1	1	1	1	1	1	1	1	1	1	1	-1	-1
1	5	-1	-1	-1	-1	-1	2	1	109	235	100	100	-1	-1	-1	-1	-1	-1	-1	-1	-1	-1	-1	-1	-1	-1	
61	"Hunt Skeleton Warrior"																									
0	1	1	2	3	-1	30	1	-1	-1	-1	-1	1	1	1	1	1	1	1	1	1	1	1	1	1	1	-1	-1
1	2	14	-1	20	-1	-1	2	1	101	219	12000	20000	14	373	1	-1	-1	-1	-1	-1	-1	-1	-1	-1	-1	-1	
62	"Hunt Larva"																									
0	1	1	2	3	-1	30	1	-1	-1	-1	-1	1	1	1	1	1	1	1	1	1	1	1	1	1	1	-1	-1
1	2	12	-1	20	-1	-1	2	1	84	190	13000	20000	-1	-1	-1	-1	-1	-1	-1	-1	-1	-1	-1	-1	-1	-1	
63	"Hunt Cyclops"																									
0	1	1	2	3	-1	35	1	-1	-1	-1	-1	1	1	1	1	1	1	1	1	1	1	1	1	1	1	-1	-1
1	2	17	-1	20	-1	-1	2	1	51	233	15000	20000	14	85	1	-1	-1	-1	-1	-1	-1	-1	-1	-1	-1	-1	
64	"Hunt Ghost"																									
0	1	1	2	3	-1	35	1	-1	-1	-1	-1	1	1	1	1	1	1	1	1	1	1	1	1	1	1	-1	-1
1	2	11	-1	20	-1	-1	2	1	50	155	17000	20000	14	373	1	-1	-1	-1	-1	-1	-1	-1	-1	-1	-1	-1	
65	"Reach Lv. 40"																									
0	1	1	1	3	-1	35	1	-1	-1	-1	-1	1	1	1	1	1	1	1	1	1	1	1	1	1	1	-1	-1
1	3	40	-1	-1	-1	-1	2	1	50	155	25000	20000	-1	-1	-1	-1	-1	-1	-1	-1	-1	-1	-1	-1	-1	-1	
66	"Move to Dungeon 2"																									
0	1	1	1	3	-1	40	1	-1	-1	-1	-1	1	1	1	1	1	1	1	1	1	1	1	1	1	1	-1	-1
1	5	-1	-1	-1	-1	-1	6	1	231	115	100	100	-1	-1	-1	-1	-1	-1	-1	-1	-1	-1	-1	-1	-1	-1	
67	"Hunt Hellhound"																									
0	1	1	2	3	-1	40	1	-1	-1	-1	-1	1	1	1	1	1	1	1	1	1	1	1	1	1	1	-1	-1
1	2	5	-1	20	-1	-1	6	1	175	119	20000	20000	14	85	1	-1	-1	-1	-1	-1	-1	-1	-1	-1	-1	-1	
68	"Hunt Skeleton Archer"																									
0	1	1	2	3	-1	40	1	-1	-1	-1	-1	1	1	1	1	1	1	1	1	1	1	1	1	1	1	-1	-1
1	2	15	-1	20	-1	-1	6	1	131	118	22000	20000	14	86	1	-1	-1	-1	-1	-1	-1	-1	-1	-1	-1	-1	
69	"Hunt Hell Spider"																									
0	1	1	2	3	-1	40	1	-1	-1	-1	-1	1	1	1	1	1	1	1	1	1	1	1	1	1	1	-1	-1
1	2	13	-1	20	-1	-1	6	1	116	75	24000	22000	14	373	1	-1	-1	-1	-1	-1	-1	-1	-1	-1	-1	-1	
70	"Hunt Skeleton Warrior Captain"																									
0	1	1	2	3	-1	43	1	-1	-1	-1	-1	1	1	1	1	1	1	1	1	1	1	1	1	1	1	-1	-1
1	2	16	-1	20	-1	-1	6	1	225	89	26000	24000	-1	-1	-1	-1	-1	-1	-1	-1	-1	-1	-1	-1	-1	-1	
71	"Hunt Thunder Lich"																									
0	1	1	2	3	-1	43	1	-1	-1	-1	-1	1	1	1	1	1	1	1	1	1	1	1	1	1	1	-1	-1
1	2	9	-1	20	-1	-1	6	1	235	15	28000	26000	14	373	1	-1	-1	-1	-1	-1	-1	-1	-1	-1	-1	-1	
72	"Hunt Poison Bull Fighter"																									
0	1	1	2	3	-1	45	1	-1	-1	-1	-1	1	1	1	1	1	1	1	1	1	1	1	1	1	1	-1	-1
1	2	8	-1	20	-1	-1	6	1	117	31	30000	28000	-1	-1	-1	-1	-1	-1	-1	-1	-1	-1	-1	-1	-1	-1	
73	"Hunt Dark Knight"																									
0	1	1	2	3	-1	45	1	-1	-1	-1	-1	1	1	1	1	1	1	1	1	1	1	1	1	1	1	-1	-1
1	2	10	-1	20	-1	-1	14	1	30	116	30000	28000	14	400	1	-1	-1	-1	-1	-1	-1	-1	-1	-1	-1	-1	
74	"Reach Lv. 50"																									
0	1	1	1	3	-1	45	1	-1	-1	-1	-1	1	1	1	1	1	1	1	1	1	1	1	1	1	1	-1	-1
1	3	50	-1	-1	-1	-1	14	1	30	116	40000	35000	-1	-1	-1	-1	-1	-1	-1	-1	-1	-1	-1	-1	-1	-1	
75	"Go to Gens Duprian"																									
0	1	1	1	3	-1	50	1	-1	-1	-1	-1	1	1	1	1	1	1	1	1	1	1	1	1	1	1	-1	-1
//Original
//1	5	-1	-1	-1	-1	-1	17	0	144	126	100	100	-1	-1	-1	-1	-1	-1	-1	-1	-1	-1	-1	-1	-1	-1
//Custom
1	5	-1	-1	-1	-1	-1	17	0	132	126	100	100	-1	-1	-1	-1	-1	-1	-1	-1	-1	-1	-1	-1	-1	-1	
76	"Go to Gens Vanert"																									
0	1	1	1	3	-1	50	1	-1	-1	-1	-1	1	1	1	1	1	1	1	1	1	1	1	1	1	1	-1	-1
1	5	-1	-1	-1	-1	-1	27	3	168	100	100	100	-1	-1	-1	-1	-1	-1	-1	-1	-1	-1	-1	-1	-1	-1	
77	"Move to Lost Tower"																									
0	2	1	1	3	-1	50	1	-1	-1	-1	-1	1	1	1	1	1	1	1	1	1	1	1	1	1	1	-1	-1
1	5	-1	-1	-1	-1	-1	29	4	211	96	100	100	-1	-1	-1	-1	-1	-1	-1	-1	-1	-1	-1	-1	-1	-1	
78	"Hunt Shadow"																									
0	2	1	2	3	-1	50	1	-1	-1	-1	-1	1	1	1	1	1	1	1	1	1	1	1	1	1	1	-1	-1
1	2	36	-1	20	-1	-1	29	4	211	96	30000	28000	14	373	1	-1	-1	-1	-1	-1	-1	-1	-1	-1	-1	-1	
79	"Hunt Poison Shadow"																									
0	2	1	2	3	-1	50	1	-1	-1	-1	-1	1	1	1	1	1	1	1	1	1	1	1	1	1	1	-1	-1
1	2	39	-1	20	-1	-1	29	4	201	35	32000	30000	14	85	1	-1	-1	-1	-1	-1	-1	-1	-1	-1	-1	-1	
80	"Hunt Cursed Mage"																									
0	2	1	2	3	-1	53	1	-1	-1	-1	-1	1	1	1	1	1	1	1	1	1	1	1	1	1	1	-1	-1
1	2	34	-1	20	-1	-1	31	4	212	245	34000	32000	14	86	1	-1	-1	-1	-1	-1	-1	-1	-1	-1	-1	-1	
81	"Hunt Death Cow"																									
0	2	1	2	3	-1	53	1	-1	-1	-1	-1	1	1	1	1	1	1	1	1	1	1	1	1	1	1	-1	-1
1	2	41	-1	20	-1	-1	33	4	118	230	36000	34000	14	87	1	-1	-1	-1	-1	-1	-1	-1	-1	-1	-1	-1	
82	"Hunt Devil"																									
0	2	1	2	3	-1	55	1	-1	-1	-1	-1	1	1	1	1	1	1	1	1	1	1	1	1	1	1	-1	-1
1	2	37	-1	20	-1	-1	35	4	107	106	38000	36000	14	373	1	-1	-1	-1	-1	-1	-1	-1	-1	-1	-1	-1	
83	"Hunt Death Knight"																									
0	2	1	2	3	-1	55	1	-1	-1	-1	-1	1	1	1	1	1	1	1	1	1	1	1	1	1	1	-1	-1
1	2	40	-1	20	-1	-1	37	4	115	28	40000	38000	14	400	1	-1	-1	-1	-1	-1	-1	-1	-1	-1	-1	-1	
84	"Reach Lv. 60"																									
0	2	1	1	3	-1	55	1	-1	-1	-1	-1	1	1	1	1	1	1	1	1	1	1	1	1	1	1	-1	-1
1	3	60	-1	-1	-1	-1	37	4	115	25	45000	40000	-1	-1	-1	-1	-1	-1	-1	-1	-1	-1	-1	-1	-1	-1	
85	"Move to Atlans"																									
0	2	1	1	3	-1	60	1	-1	-1	-1	-1	1	1	1	1	1	1	1	1	1	1	1	1	1	1	-1	-1
1	5	-1	-1	-1	-1	-1	49	7	23	44	100	100	-1	-1	-1	-1	-1	-1	-1	-1	-1	-1	-1	-1	-1	-1	
86	"Hunt Bahamut"																									
0	2	1	2	3	-1	60	1	-1	-1	-1	-1	1	1	1	1	1	1	1	1	1	1	1	1	1	1	-1	-1
1	2	45	-1	30	-1	-1	49	7	23	44	42000	40000	14	373	1	-1	-1	-1	-1	-1	-1	-1	-1	-1	-1	-1	
87	"Hunt Vepar"																									
0	2	1	2	3	-1	60	1	-1	-1	-1	-1	1	1	1	1	1	1	1	1	1	1	1	1	1	1	-1	-1
1	2	46	-1	30	-1	-1	49	7	33	70	52000	50000	14	85	1	-1	-1	-1	-1	-1	-1	-1	-1	-1	-1	-1	
88	"Hunt Valkyrie"																									
0	2	1	2	3	-1	65	1	-1	-1	-1	-1	1	1	1	1	1	1	1	1	1	1	1	1	1	1	-1	-1
1	2	47	-1	10	-1	-1	49	7	32	112	62000	60000	14	373	1	-1	-1	-1	-1	-1	-1	-1	-1	-1	-1	-1	
89	"Reach Lv. 70"																									
0	2	1	1	3	-1	65	1	-1	-1	-1	-1	1	1	1	1	1	1	1	1	1	1	1	1	1	1	-1	-1
1	3	70	-1	-1	-1	-1	49	7	33	70	75000	70000	-1	-1	-1	-1	-1	-1	-1	-1	-1	-1	-1	-1	-1	-1	
90	"Atlans Field Recommendations 1"																									
0	2	1	2	3	-1	70	1	-1	-1	-1	-1	1	1	1	1	1	1	1	1	1	1	1	1	1	1	-1	-1
1	2	46	-1	50	-1	-1	49	7	33	70	80000	75000	14	372	1	-1	-1	-1	-1	-1	-1	-1	-1	-1	-1	-1	
91	"Reach Lv. 80"																									
0	2	1	1	3	-1	70	1	-1	-1	-1	-1	1	1	1	1	1	1	1	1	1	1	1	1	1	1	-1	-1
1	3	80	-1	-1	-1	-1	49	7	33	70	85000	80000	-1	-1	-1	-1	-1	-1	-1	-1	-1	-1	-1	-1	-1	-1	
92	"Move to Atlans 2"																									
0	2	1	1	3	-1	80	1	-1	-1	-1	-1	1	1	1	1	1	1	1	1	1	1	1	1	1	1	-1	-1
1	5	-1	-1	-1	-1	-1	75	7	236	35	100	100	-1	-1	-1	-1	-1	-1	-1	-1	-1	-1	-1	-1	-1	-1	
93	"Hunt Great Bahamut"																									
0	2	1	2	3	-1	80	1	-1	-1	-1	-1	1	1	1	1	1	1	1	1	1	1	1	1	1	1	-1	-1
1	2	51	-1	30	-1	-1	75	7	236	35	64000	62000	14	373	1	-1	-1	-1	-1	-1	-1	-1	-1	-1	-1	-1	
94	"Hunt Silver Valkyrie"																									
0	2	1	2	3	-1	80	1	-1	-1	-1	-1	1	1	1	1	1	1	1	1	1	1	1	1	1	1	-1	-1
1	2	52	-1	30	-1	-1	75	7	78	145	66000	64000	14	85	1	-1	-1	-1	-1	-1	-1	-1	-1	-1	-1	-1	
95	"Hunt Lizard King"																									
0	2	1	2	3	-1	80	1	-1	-1	-1	-1	1	1	1	1	1	1	1	1	1	1	1	1	1	1	-1	-1
1	2	48	-1	30	-1	-1	75	7	162	154	68000	66000	14	373	1	-1	-1	-1	-1	-1	-1	-1	-1	-1	-1	-1	
96	"Hunt Death Gorgon"																									
0	2	1	2	3	-1	85	1	-1	-1	-1	-1	1	1	1	1	1	1	1	1	1	1	1	1	1	1	-1	-1
1	2	35	-1	30	-1	-1	39	4	30	33	70000	68000	14	400	1	-1	-1	-1	-1	-1	-1	-1	-1	-1	-1	-1	
97	"Reach Lv. 90"																									
0	2	1	1	3	-1	85	1	-1	-1	-1	-1	1	1	1	1	1	1	1	1	1	1	1	1	1	1	-1	-1
1	3	90	-1	-1	-1	-1	75	7	236	35	95000	90000	-1	-1	-1	-1	-1	-1	-1	-1	-1	-1	-1	-1	-1	-1	
98	"Atlans Field Recommendations 2"																									
0	2	1	2	3	-1	90	1	-1	-1	-1	-1	1	1	1	1	1	1	1	1	1	1	1	1	1	1	-1	-1
1	2	51	-1	50	-1	-1	75	7	236	35	100000	95000	14	372	1	-1	-1	-1	-1	-1	-1	-1	-1	-1	-1	-1	
99	"Reach Lv. 100"																									
0	2	1	1	3	-1	90	1	-1	-1	-1	-1	1	1	1	1	1	1	1	1	1	1	1	1	1	1	-1	-1
1	3	100	-1	-1	-1	-1	75	7	236	35	110000	100000	-1	-1	-1	-1	-1	-1	-1	-1	-1	-1	-1	-1	-1	-1	
100	"Move to Elbeland Shadow Phantom"																									
0	2	1	1	3	-1	100	1	-1	-1	-1	-1	1	1	1	1	1	1	1	1	1	1	1	1	1	1	-1	-1
1	5	-1	-1	-1	-1	-1	267	51	57	231	100	100	-1	-1	-1	-1	-1	-1	-1	-1	-1	-1	-1	-1	-1	-1	
101	"Atlans Field Recommendations 3"																									
0	2	1	2	3	-1	100	1	-1	-1	-1	-1	1	1	1	1	1	1	1	1	1	1	1	1	1	1	-1	-1
1	2	51	-1	100	-1	-1	75	7	236	35	120000	110000	14	372	1	-1	-1	-1	-1	-1	-1	-1	-1	-1	-1	-1	
102	"Reach Lv. 110"																									
0	2	1	1	3	-1	101	1	-1	-1	-1	-1	1	1	1	1	1	1	1	1	1	1	1	1	1	1	-1	-1
1	3	110	-1	-1	-1	-1	75	7	236	35	150000	100000	-1	-1	-1	-1	-1	-1	-1	-1	-1	-1	-1	-1	-1	-1	
103	"Atlans Field Recommendations 4"																									
0	2	1	2	3	-1	110	1	-1	-1	-1	-1	1	1	1	1	1	1	1	1	1	1	1	1	1	1	-1	-1
1	2	51	-1	100	-1	-1	75	7	236	35	180000	170000	14	372	1	-1	-1	-1	-1	-1	-1	-1	-1	-1	-1	-1	
104	"Reach Lv. 120"																									
0	2	1	1	3	-1	110	1	-1	-1	-1	-1	1	1	1	1	1	1	1	1	1	1	1	1	1	1	-1	-1
1	3	120	-1	-1	-1	-1	75	7	236	35	200000	100000	-1	-1	-1	-1	-1	-1	-1	-1	-1	-1	-1	-1	-1	-1	
105	"Atlans Field Recommendations 5"																									
0	2	1	2	3	-1	120	1	-1	-1	-1	-1	1	1	1	1	1	1	1	1	1	1	1	1	1	1	-1	-1
1	2	51	-1	100	-1	-1	75	7	236	35	230000	220000	14	372	1	-1	-1	-1	-1	-1	-1	-1	-1	-1	-1	-1	
106	"Reach Lv. 130"																									
0	2	1	1	3	-1	120	1	-1	-1	-1	-1	1	1	1	1	1	1	1	1	1	1	1	1	1	1	-1	-1
1	3	130	-1	-1	-1	-1	75	7	236	35	250000	100000	-1	-1	-1	-1	-1	-1	-1	-1	-1	-1	-1	-1	-1	-1	
107	"Atlans Field Recommendations 6"																									
0	2	1	2	3	-1	130	1	-1	-1	-1	-1	1	1	1	1	1	1	1	1	1	1	1	1	1	1	-1	-1
1	2	51	-1	100	-1	-1	75	7	236	35	280000	270000	14	372	1	-1	-1	-1	-1	-1	-1	-1	-1	-1	-1	-1	
108	"Reach Lv. 140"																									
0	2	1	1	3	-1	130	1	-1	-1	-1	-1	1	1	1	1	1	1	1	1	1	1	1	1	1	1	-1	-1
1	3	140	-1	-1	-1	-1	75	7	236	35	300000	100000	-1	-1	-1	-1	-1	-1	-1	-1	-1	-1	-1	-1	-1	-1	
109	"Move to Tarkan"																									
0	2	1	1	3	-1	140	1	-1	-1	-1	-1	1	1	1	1	1	1	1	1	1	1	1	1	1	1	-1	-1
1	5	-1	-1	-1	-1	-1	57	8	179	111	100	100	-1	-1	-1	-1	-1	-1	-1	-1	-1	-1	-1	-1	-1	-1	
110	"Hunt Mutant"																									
0	2	1	2	3	-1	140	1	-1	-1	-1	-1	1	1	1	1	1	1	1	1	1	1	1	1	1	1	-1	-1
1	2	62	-1	30	-1	-1	57	8	179	111	100000	95000	14	372	1	-1	-1	-1	-1	-1	-1	-1	-1	-1	-1	-1	
111	"Hunt Bloody Wolf"																									
0	2	1	2	3	-1	140	1	-1	-1	-1	-1	1	1	1	1	1	1	1	1	1	1	1	1	1	1	-1	-1
1	2	60	-1	30	-1	-1	57	8	133	93	110000	100000	14	85	1	-1	-1	-1	-1	-1	-1	-1	-1	-1	-1	-1	
112	"Hunt Iron Wheel"																									
0	2	1	2	3	-1	143	1	-1	-1	-1	-1	1	1	1	1	1	1	1	1	1	1	1	1	1	1	-1	-1
1	2	57	-1	30	-1	-1	57	8	60	83	120000	110000	14	372	1	-1	-1	-1	-1	-1	-1	-1	-1	-1	-1	-1	
113	"Hunt Tantalos"																									
0	2	1	2	3	-1	143	1	-1	-1	-1	-1	1	1	1	1	1	1	1	1	1	1	1	1	1	1	-1	-1
1	2	58	-1	30	-1	-1	57	8	30	112	130000	120000	14	400	1	-1	-1	-1	-1	-1	-1	-1	-1	-1	-1	-1	
114	"Move to Tarkan"
0	2	1	1	3	-1	143	1	-1	-1	-1	-1	1	1	1	1	1	1	1	1	1	1	1	1	1	1	-1	-1
1	5	-1	-1	-1	-1	-1	77	8	98	145	100	100	-1	-1	-1	-1	-1	-1	-1	-1	-1	-1	-1	-1	-1	-1	
115	"Hunt Beam Knight"																									
0	2	1	2	3	-1	145	1	-1	-1	-1	-1	1	1	1	1	1	1	1	1	1	1	1	1	1	1	-1	-1
1	2	61	-1	30	-1	-1	77	8	93	188	140000	130000	14	372	1	-1	-1	-1	-1	-1	-1	-1	-1	-1	-1	-1	
116	"Hunt Death Beam Knight"																									
0	2	1	2	3	-1	145	1	-1	-1	-1	-1	1	1	1	1	1	1	1	1	1	1	1	1	1	1	-1	-1
1	2	63	-1	2	-1	-1	77	8	112	203	150000	140000	14	85	1	-1	-1	-1	-1	-1	-1	-1	-1	-1	-1	-1	
117	"Tarkan Field Recommendations"																									
0	2	1	2	3	-1	145	1	-1	-1	-1	-1	1	1	1	1	1	1	1	1	1	1	1	1	1	1	-1	-1
1	2	62	-1	100	-1	-1	57	8	179	111	290000	280000	14	400	1	-1	-1	-1	-1	-1	-1	-1	-1	-1	-1	-1	
118	"Reach Lv. 150"																									
0	2	1	1	3	-1	145	1	-1	-1	-1	-1	1	1	1	1	1	1	1	1	1	1	1	1	1	1	-1	-1
1	3	150	-1	-1	-1	-1	57	8	179	111	350000	100000	-1	-1	-1	-1	-1	-1	-1	-1	-1	-1	-1	-1	-1	-1	
119	"1st Class Upgrade Quest Completed"																									
0	2	1	1	3	-1	150	1	-1	-1	-1	-1	1	1	1	0	0	1	0	0	1	1	1	1	1	1	-1	-1
1	4	1	-1	-1	-1	-1	22	2	185	30	400000	100000	-1	-1	-1	-1	-1	-1	-1	-1	-1	-1	-1	-1	-1	-1	
120	"Move to Aida"																									
0	3	1	1	3	-1	150	1	-1	-1	-1	-1	1	1	1	1	1	1	1	1	1	1	1	1	1	1	-1	-1
1	5	-1	-1	-1	-1	-1	119	33	97	10	100	100	-1	-1	-1	-1	-1	-1	-1	-1	-1	-1	-1	-1	-1	-1	
121	"Hunt Death Tree"																									
0	3	1	2	3	-1	150	1	-1	-1	-1	-1	1	1	1	1	1	1	1	1	1	1	1	1	1	1	-1	-1
1	2	308	-1	50	-1	-1	119	33	140	21	160000	150000	14	372	1	-1	-1	-1	-1	-1	-1	-1	-1	-1	-1	-1	
122	"Hunt Forest Orc"																									
0	3	1	2	3	-1	150	1	-1	-1	-1	-1	1	1	1	1	1	1	1	1	1	1	1	1	1	1	-1	-1
1	2	307	-1	50	-1	-1	119	33	165	16	170000	160000	14	85	1	-1	-1	-1	-1	-1	-1	-1	-1	-1	-1	-1	
123	"Hunt Death Rider"																									
0	3	1	2	3	-1	153	1	-1	-1	-1	-1	1	1	1	1	1	1	1	1	1	1	1	1	1	1	-1	-1
1	2	306	-1	50	-1	-1	119	33	212	60	180000	170000	14	86	1	-1	-1	-1	-1	-1	-1	-1	-1	-1	-1	-1	
124	"Hunt Blue Golem"																									
0	3	1	2	3	-1	153	1	-1	-1	-1	-1	1	1	1	1	1	1	1	1	1	1	1	1	1	1	-1	-1
1	2	305	-1	50	-1	-1	119	33	230	144	190000	180000	14	87	1	-1	-1	-1	-1	-1	-1	-1	-1	-1	-1	-1	
125	"Aida Field Recommendations"																									
0	3	1	2	3	-1	153	1	-1	-1	-1	-1	1	1	1	1	1	1	1	1	1	1	1	1	1	1	-1	-1
1	2	308	-1	100	-1	-1	119	33	140	21	300000	290000	14	400	1	-1	-1	-1	-1	-1	-1	-1	-1	-1	-1	-1	
126	"Reach Lv. 160"																									
0	3	1	1	3	-1	155	1	-1	-1	-1	-1	1	1	1	1	1	1	1	1	1	1	1	1	1	1	-1	-1
1	3	160	-1	-1	-1	-1	119	33	140	21	400000	100000	-1	-1	-1	-1	-1	-1	-1	-1	-1	-1	-1	-1	-1	-1	
127	"Move to Kanturu Ruins 1"																									
0	3	1	1	3	-1	160	1	-1	-1	-1	-1	1	1	1	1	1	1	1	1	1	1	1	1	1	1	-1	-1
1	5	-1	-1	-1	-1	-1	138	37	42	217	100	100	-1	-1	-1	-1	-1	-1	-1	-1	-1	-1	-1	-1	-1	-1	
128	"Hunt Splinter Wolf"																									
0	3	1	2	3	-1	160	1	-1	-1	-1	-1	1	1	1	1	1	1	1	1	1	1	1	1	1	1	-1	-1
1	2	351	-1	50	-1	-1	138	37	51	231	200000	190000	14	372	1	-1	-1	-1	-1	-1	-1	-1	-1	-1	-1	-1	
129	"Hunt Iron Rider"																									
0	3	1	2	3	-1	160	1	-1	-1	-1	-1	1	1	1	1	1	1	1	1	1	1	1	1	1	1	-1	-1
1	2	352	-1	50	-1	-1	138	37	197	194	210000	200000	14	85	1	-1	-1	-1	-1	-1	-1	-1	-1	-1	-1	-1	
130	"Hunt Satyros"																									
0	3	1	2	3	-1	160	1	-1	-1	-1	-1	1	1	1	1	1	1	1	1	1	1	1	1	1	1	-1	-1
1	2	353	-1	50	-1	-1	138	37	230	85	220000	210000	14	372	1	-1	-1	-1	-1	-1	-1	-1	-1	-1	-1	-1	
131	"Move to Kanturu Ruins 2"																									
0	3	1	1	3	-1	165	1	-1	-1	-1	-1	1	1	1	1	1	1	1	1	1	1	1	1	1	1	-1	-1
1	5	-1	-1	-1	-1	-1	141	37	206	38	100	100	-1	-1	-1	-1	-1	-1	-1	-1	-1	-1	-1	-1	-1	-1	
132	"Hunt Blade Hunter"																									
0	3	1	2	3	-1	165	1	-1	-1	-1	-1	1	1	1	1	1	1	1	1	1	1	1	1	1	1	-1	-1
1	2	354	-1	50	-1	-1	141	37	206	38	230000	220000	14	372	1	-1	-1	-1	-1	-1	-1	-1	-1	-1	-1	-1	
133	"Hunt Berserker"																									
0	3	1	2	3	-1	165	1	-1	-1	-1	-1	1	1	1	1	1	1	1	1	1	1	1	1	1	1	-1	-1
1	2	350	-1	50	-1	-1	141	37	165	36	240000	230000	14	85	1	-1	-1	-1	-1	-1	-1	-1	-1	-1	-1	-1	
134	"Hunt Kentauros"																									
0	3	1	2	3	-1	167	1	-1	-1	-1	-1	1	1	1	1	1	1	1	1	1	1	1	1	1	1	-1	-1
1	2	355	-1	50	-1	-1	141	37	115	59	250000	240000	14	86	1	-1	-1	-1	-1	-1	-1	-1	-1	-1	-1	-1	
135	"Hunt Genocider"																									
0	3	1	2	3	-1	167	1	-1	-1	-1	-1	1	1	1	1	1	1	1	1	1	1	1	1	1	1	-1	-1
1	2	357	-1	50	-1	-1	141	37	60	45	260000	250000	14	87	1	-1	-1	-1	-1	-1	-1	-1	-1	-1	-1	-1	
136	"Hunt Gigantis"																									
0	3	1	2	3	-1	167	1	-1	-1	-1	-1	1	1	1	1	1	1	1	1	1	1	1	1	1	1	-1	-1
1	2	356	-1	50	-1	-1	141	37	85	24	270000	260000	14	372	1	-1	-1	-1	-1	-1	-1	-1	-1	-1	-1	-1	
137	"Kanturu Ruins Field Recommendations"																									
0	3	1	2	3	-1	167	1	-1	-1	-1	-1	1	1	1	1	1	1	1	1	1	1	1	1	1	1	-1	-1
1	2	354	-1	100	-1	-1	141	37	206	38	400000	390000	14	401	1	-1	-1	-1	-1	-1	-1	-1	-1	-1	-1	-1	
138	"Reach Lv. 170"																									
0	3	1	1	3	-1	167	1	-1	-1	-1	-1	1	1	1	1	1	1	1	1	1	1	1	1	1	1	-1	-1
1	3	170	-1	-1	-1	-1	141	37	206	38	450000	100000	-1	-1	-1	-1	-1	-1	-1	-1	-1	-1	-1	-1	-1	-1	
139	"Kanturu Ruins Field Recommendations"																									
0	3	1	2	3	-1	170	1	-1	-1	-1	-1	1	1	1	1	1	1	1	1	1	1	1	1	1	1	-1	-1
1	2	354	-1	100	-1	-1	141	37	206	38	500000	490000	14	401	1	-1	-1	-1	-1	-1	-1	-1	-1	-1	-1	-1	
140	"Reach Lv. 180"																									
0	3	1	1	3	-1	175	1	-1	-1	-1	-1	1	1	1	1	1	1	1	1	1	1	1	1	1	1	-1	-1
1	3	180	-1	-1	-1	-1	141	37	206	38	500000	100000	-1	-1	-1	-1	-1	-1	-1	-1	-1	-1	-1	-1	-1	-1	
141	"Kanturu Ruins Field Recommendations"																									
0	3	1	2	3	-1	180	1	-1	-1	-1	-1	1	1	1	1	1	1	1	1	1	1	1	1	1	1	-1	-1
1	2	354	-1	100	-1	-1	141	37	206	38	600000	590000	14	401	1	-1	-1	-1	-1	-1	-1	-1	-1	-1	-1	-1	
142	"Reach Lv. 190"																									
0	3	1	1	3	-1	185	1	-1	-1	-1	-1	1	1	1	1	1	1	1	1	1	1	1	1	1	1	-1	-1
1	3	190	-1	-1	-1	-1	141	37	206	38	600000	100000	-1	-1	-1	-1	-1	-1	-1	-1	-1	-1	-1	-1	-1	-1	
143	"Kanturu Ruins Field Recommendations"																									
0	3	1	2	3	-1	190	1	-1	-1	-1	-1	1	1	1	1	1	1	1	1	1	1	1	1	1	1	-1	-1
1	2	354	-1	100	-1	-1	141	37	206	38	700000	690000	14	401	1	-1	-1	-1	-1	-1	-1	-1	-1	-1	-1	-1	
144	"Reach Lv. 200"																									
0	3	1	1	3	-1	195	1	-1	-1	-1	-1	1	1	1	1	1	1	1	1	1	1	1	1	1	1	-1	-1
1	3	200	-1	-1	-1	-1	141	37	206	38	700000	100000	-1	-1	-1	-1	-1	-1	-1	-1	-1	-1	-1	-1	-1	-1	
145	"Kanturu Ruins Field Recommendations"																										
0	3	1	2	3	-1	200	1	-1	-1	-1	-1	1	1	1	1	1	1	1	1	1	1	1	1	1	1	-1	-1
1	2	354	-1	100	-1	-1	141	37	206	38	800000	790000	14	401	1	-1	-1	-1	-1	-1	-1	-1	-1	-1	-1	-1	
146	"Reach Lv. 210"																									
0	3	1	1	3	-1	205	1	-1	-1	-1	-1	1	1	1	1	1	1	1	1	1	1	1	1	1	1	-1	-1
1	3	210	-1	-1	-1	-1	119	33	140	21	800000	100000	-1	-1	-1	-1	-1	-1	-1	-1	-1	-1	-1	-1	-1	-1	
147	"Kanturu Ruins Field Recommendations"																										
0	3	1	2	3	-1	210	1	-1	-1	-1	-1	1	1	1	1	1	1	1	1	1	1	1	1	1	1	-1	-1
1	2	354	-1	100	-1	-1	141	37	206	38	900000	890000	14	401	1	-1	-1	-1	-1	-1	-1	-1	-1	-1	-1	-1	
148	"Reach Lv. 220"																									
0	3	1	1	3	-1	210	1	-1	-1	-1	-1	1	1	1	1	1	1	1	1	1	1	1	1	1	1	-1	-1
1	3	220	-1	-1	-1	-1	141	37	206	38	900000	100000	-1	-1	-1	-1	-1	-1	-1	-1	-1	-1	-1	-1	-1	-1	
149	"2nd Class Upgrade - Go to Devias Marlon 1"																									
0	3	1	1	3	-1	220	1	-1	-1	-1	-1	1	1	1	0	0	1	0	0	1	1	1	1	1	1	-1	-1
1	5	-1	-1	-1	-1	-1	22	2	198	47	100	100	-1	-1	-1	-1	-1	-1	-1	-1	-1	-1	-1	-1	-1	-1	
150	"2nd Class Upgrade - Go to Lorencia Marlon 2"																									
0	3	1	1	3	-1	220	1	-1	-1	-1	-1	1	1	1	0	0	1	0	0	1	1	1	1	1	1	-1	-1
1	5	-1	-1	-1	-1	-1	17	0	137	87	100	100	-1	-1	-1	-1	-1	-1	-1	-1	-1	-1	-1	-1	-1	-1	
151	"2nd Class Upgrade - Go to Noria Marlon 3"																									
0	3	1	1	3	-1	220	1	-1	-1	-1	-1	1	1	1	0	0	1	0	0	1	1	1	1	1	1	-1	-1
1	5	-1	-1	-1	-1	-1	27	3	169	89	100	100	-1	-1	-1	-1	-1	-1	-1	-1	-1	-1	-1	-1	-1	-1	
152	"2nd Class Upgrade - Go to Atlans Marlon 4"																									
0	3	1	1	3	-1	220	1	-1	-1	-1	-1	1	1	1	0	0	1	0	0	1	1	1	1	1	1	-1	-1
1	5	-1	-1	-1	-1	-1	49	7	17	25	100	100	-1	-1	-1	-1	-1	-1	-1	-1	-1	-1	-1	-1	-1	-1	
153	"2nd Class Upgrade Quest Completed"																										
0	3	1	1	3	-1	220	1	-1	-1	-1	-1	1	1	1	0	0	1	0	0	1	1	1	1	1	1	-1	-1
1	4	2	-1	-1	-1	-1	22	2	198	47	900000	100000	-1	-1	-1	-1	-1	-1	-1	-1	-1	-1	-1	-1	-1	-1	
154	"Kanturu Ruins Field Recommendations"																										
0	3	1	2	3	-1	220	1	-1	-1	-1	-1	1	1	1	1	1	1	1	1	1	1	1	1	1	1	-1	-1
1	2	354	-1	100	-1	-1	141	37	206	38	1000000	900000	14	371	1	-1	-1	-1	-1	-1	-1	-1	-1	-1	-1	-1	
155	"Reach Lv. 230"																										
0	3	1	1	3	-1	220	1	-1	-1	-1	-1	1	1	1	1	1	1	1	1	1	1	1	1	1	1	-1	-1
1	3	230	-1	-1	-1	-1	141	37	206	38	1000000	100000	-1	-1	-1	-1	-1	-1	-1	-1	-1	-1	-1	-1	-1	-1	
156	"Kanturu Ruins Field Recommendations"																										
0	3	1	2	3	-1	230	1	-1	-1	-1	-1	1	1	1	1	1	1	1	1	1	1	1	1	1	1	-1	-1
1	2	354	-1	100	-1	-1	141	37	206	38	1100000	1000000	14	401	1	-1	-1	-1	-1	-1	-1	-1	-1	-1	-1	-1	
157	"Reach Lv. 240"																										
0	3	1	1	3	-1	230	1	-1	-1	-1	-1	1	1	1	1	1	1	1	1	1	1	1	1	1	1	-1	-1
1	3	240	-1	-1	-1	-1	141	37	206	38	1100000	100000	-1	-1	-1	-1	-1	-1	-1	-1	-1	-1	-1	-1	-1	-1	
158	"Kanturu Ruins Field Recommendations"																										
0	3	1	2	3	-1	240	1	-1	-1	-1	-1	1	1	1	1	1	1	1	1	1	1	1	1	1	1	-1	-1
1	2	354	-1	100	-1	-1	141	37	206	38	1200000	1100000	14	401	1	-1	-1	-1	-1	-1	-1	-1	-1	-1	-1	-1	
159	"Reach Lv. 250"																										
0	3	1	1	3	-1	240	1	-1	-1	-1	-1	1	1	1	1	1	1	1	1	1	1	1	1	1	1	-1	-1
1	3	250	-1	-1	-1	-1	141	37	206	38	1200000	100000	-1	-1	-1	-1	-1	-1	-1	-1	-1	-1	-1	-1	-1	-1	
160	"Kanturu Ruins Field Recommendations"																										
0	3	1	2	3	-1	250	1	-1	-1	-1	-1	1	1	1	1	1	1	1	1	1	1	1	1	1	1	-1	-1
1	2	354	-1	100	-1	-1	141	37	206	38	1300000	1200000	14	401	1	-1	-1	-1	-1	-1	-1	-1	-1	-1	-1	-1	
161	"Reach Lv. 260"																										
0	3	1	1	3	-1	250	1	-1	-1	-1	-1	1	1	1	1	1	1	1	1	1	1	1	1	1	1	-1	-1
1	3	260	-1	-1	-1	-1	141	37	206	38	1300000	100000	-1	-1	-1	-1	-1	-1	-1	-1	-1	-1	-1	-1	-1	-1	
162	"Kanturu Ruins Field Recommendations"																										
0	3	1	2	3	-1	260	1	-1	-1	-1	-1	1	1	1	1	1	1	1	1	1	1	1	1	1	1	-1	-1
1	2	354	-1	100	-1	-1	141	37	206	38	1400000	1300000	14	401	1	-1	-1	-1	-1	-1	-1	-1	-1	-1	-1	-1	
163	"Reach Lv. 270"																										
0	3	1	1	3	-1	260	1	-1	-1	-1	-1	1	1	1	1	1	1	1	1	1	1	1	1	1	1	-1	-1
1	3	270	-1	-1	-1	-1	141	37	206	38	1400000	100000	-1	-1	-1	-1	-1	-1	-1	-1	-1	-1	-1	-1	-1	-1	
164	"Kanturu Ruins Field Recommendations"																										
0	3	1	2	3	-1	270	1	-1	-1	-1	-1	1	1	1	1	1	1	1	1	1	1	1	1	1	1	-1	-1
1	2	354	-1	100	-1	-1	141	37	206	38	1500000	1400000	14	401	1	-1	-1	-1	-1	-1	-1	-1	-1	-1	-1	-1	
165	"Reach Lv. 280"																										
0	3	1	1	3	-1	270	1	-1	-1	-1	-1	1	1	1	1	1	1	1	1	1	1	1	1	1	1	-1	-1
1	3	280	-1	-1	-1	-1	141	37	206	38	1500000	100000	-1	-1	-1	-1	-1	-1	-1	-1	-1	-1	-1	-1	-1	-1	
166	"Move to Karutan 1"																										
0	3	1	1	3	-1	280	1	-1	-1	-1	-1	1	1	1	1	1	1	1	1	1	1	1	1	1	1	-1	-1
1	5	-1	-1	-1	-1	-1	335	80	137	94	100	100	-1	-1	-1	-1	-1	-1	-1	-1	-1	-1	-1	-1	-1	-1	
167	"Hunt Venomous Chain Scorpion"																										
0	3	1	2	3	-1	280	1	-1	-1	-1	-1	1	1	1	1	1	1	1	1	1	1	1	1	1	1	-1	-1
1	2	569	-1	50	-1	-1	335	80	143	74	490000	480000	14	372	1	-1	-1	-1	-1	-1	-1	-1	-1	-1	-1	-1	
168	"Hunt Bone Scorpion"																										
0	3	1	2	3	-1	280	1	-1	-1	-1	-1	1	1	1	1	1	1	1	1	1	1	1	1	1	1	-1	-1
1	2	570	-1	50	-1	-1	335	80	183	108	500000	490000	14	85	1	-1	-1	-1	-1	-1	-1	-1	-1	-1	-1	-1	
169	"Hunt Orcus"																										
0	3	1	2	3	-1	280	1	-1	-1	-1	-1	1	1	1	1	1	1	1	1	1	1	1	1	1	1	-1	-1
1	2	571	-1	50	-1	-1	335	80	191	155	510000	500000	14	372	1	-1	-1	-1	-1	-1	-1	-1	-1	-1	-1	-1	
170	"Hunt Crypos"																										
0	3	1	2	3	-1	280	1	-1	-1	-1	-1	1	1	1	1	1	1	1	1	1	1	1	1	1	1	-1	-1
1	2	574	-1	50	-1	-1	335	80	70	174	520000	510000	14	400	1	-1	-1	-1	-1	-1	-1	-1	-1	-1	-1	-1	
171	"Hunt Crypta"																										
0	3	1	2	3	-1	280	1	-1	-1	-1	-1	1	1	1	1	1	1	1	1	1	1	1	1	1	1	-1	-1
1	2	573	-1	50	-1	-1	335	80	35	132	530000	520000	14	400	1	-1	-1	-1	-1	-1	-1	-1	-1	-1	-1	-1	
172	"Kanturu Ruins Field Recommendations"																										
0	3	1	2	3	-1	285	1	-1	-1	-1	-1	1	1	1	1	1	1	1	1	1	1	1	1	1	1	-1	-1
1	2	354	-1	100	-1	-1	141	37	206	38	1600000	1500000	14	401	1	-1	-1	-1	-1	-1	-1	-1	-1	-1	-1	-1	
173	"Reach Lv. 290"																										
0	3	1	1	3	-1	285	1	-1	-1	-1	-1	1	1	1	1	1	1	1	1	1	1	1	1	1	1	-1	-1
1	3	290	-1	-1	-1	-1	141	37	206	38	1600000	100000	-1	-1	-1	-1	-1	-1	-1	-1	-1	-1	-1	-1	-1	-1	
174	"Kanturu Ruins Field Recommendations"																										
0	3	1	2	3	-1	290	1	-1	-1	-1	-1	1	1	1	1	1	1	1	1	1	1	1	1	1	1	-1	-1
1	2	354	-1	100	-1	-1	141	37	206	38	1700000	1600000	14	401	1	-1	-1	-1	-1	-1	-1	-1	-1	-1	-1	-1	
175	"Reach Lv. 300"																										
0	3	1	1	3	-1	290	1	-1	-1	-1	-1	1	1	1	1	1	1	1	1	1	1	1	1	1	1	-1	-1
1	3	300	-1	-1	-1	-1	141	37	206	38	1700000	100000	13	146	1	-1	-1	-1	-1	-1	-1	-1	-1	-1	-1	-1	
176	"Move to Acheron"																										
0	3	1	1	3	-1	300	1	-1	-1	-1	-1	1	1	1	1	1	1	1	1	1	1	1	1	1	1	-1	-1
1	5	-1	-1	-1	-1	-1	417	91	53	190	100	100	13	146	1	-1	-1	-1	-1	-1	-1	-1	-1	-1	-1	-1	
177	"Acheron Field Recommendations"																										
0	3	1	2	3	-1	300	1	-1	-1	-1	-1	1	1	1	1	1	1	1	1	1	1	1	1	1	1	-1	-1
1	2	589	-1	200	-1	-1	423	91	169	214	1800000	1700000	14	401	1	13	146	1	-1	-1	-1	-1	-1	-1	-1	-1	
178	"Reach Lv. 320"																										
0	3	1	1	3	-1	300	1	-1	-1	-1	-1	1	1	1	1	1	1	1	1	1	1	1	1	1	1	-1	-1
1	3	320	-1	-1	-1	-1	423	91	169	214	1800000	100000	13	146	1	-1	-1	-1	-1	-1	-1	-1	-1	-1	-1	-1	
179	"Acheron Field Recommendations"																										
0	3	1	2	3	-1	320	1	-1	-1	-1	-1	1	1	1	1	1	1	1	1	1	1	1	1	1	1	-1	-1
1	2	589	-1	200	-1	-1	423	91	169	214	1900000	1800000	14	401	1	13	146	1	-1	-1	-1	-1	-1	-1	-1	-1	
180	"Reach Lv. 340"																										
0	3	1	1	3	-1	320	1	-1	-1	-1	-1	1	1	1	1	1	1	1	1	1	1	1	1	1	1	-1	-1
1	3	340	-1	-1	-1	-1	423	91	169	214	1900000	100000	13	146	1	-1	-1	-1	-1	-1	-1	-1	-1	-1	-1	-1	
181	"Acheron Field Recommendations"																										
0	3	1	2	3	-1	340	1	-1	-1	-1	-1	1	1	1	1	1	1	1	1	1	1	1	1	1	1	-1	-1
1	2	589	-1	200	-1	-1	423	91	169	214	2000000	1900000	14	401	1	13	146	1	-1	-1	-1	-1	-1	-1	-1	-1	
182	"Reach Lv. 360"																										
0	3	1	1	3	-1	340	1	-1	-1	-1	-1	1	1	1	1	1	1	1	1	1	1	1	1	1	1	-1	-1
1	3	360	-1	-1	-1	-1	423	91	169	214	2000000	100000	13	146	1	-1	-1	-1	-1	-1	-1	-1	-1	-1	-1	-1	
183	"Acheron Field Recommendations"																										
0	3	1	2	3	-1	360	1	-1	-1	-1	-1	1	1	1	1	1	1	1	1	1	1	1	1	1	1	-1	-1
1	2	714	-1	200	-1	-1	488	110	221	167	2100000	2000000	14	401	1	13	146	1	-1	-1	-1	-1	-1	-1	-1	-1	
184	"Reach Lv. 380"																										
0	4	1	1	3	-1	360	1	-1	-1	-1	-1	1	1	1	1	1	1	1	1	1	1	1	1	1	1	-1	-1
1	3	380	-1	-1	-1	-1	488	110	221	167	2100000	100000	13	146	1	-1	-1	-1	-1	-1	-1	-1	-1	-1	-1	-1	
185	"Move to La Cleon"																										
0	4	1	1	3	-1	380	1	-1	-1	-1	-1	1	1	1	1	1	1	1	1	1	1	1	1	1	1	-1	-1
1	5	-1	-1	-1	-1	-1	287	57	223	211	100	100	-1	-1	-1	-1	-1	-1	-1	-1	-1	-1	-1	-1	-1	-1	
186	"Hunt Ice Walker"																										
0	4	1	2	3	-1	380	1	-1	-1	-1	-1	1	1	1	1	1	1	1	1	1	1	1	1	1	1	-1	-1
1	2	454	-1	50	-1	-1	287	57	182	204	540000	530000	14	371	1	-1	-1	-1	-1	-1	-1	-1	-1	-1	-1	-1	
187	"Hunt Giant Mammoth"																										
0	4	1	2	3	-1	380	1	-1	-1	-1	-1	1	1	1	1	1	1	1	1	1	1	1	1	1	1	-1	-1
1	2	455	-1	50	-1	-1	287	57	182	204	550000	540000	14	85	1	-1	-1	-1	-1	-1	-1	-1	-1	-1	-1	-1	
188	"Hunt Ice Giant"																										
0	4	1	2	3	-1	380	1	-1	-1	-1	-1	1	1	1	1	1	1	1	1	1	1	1	1	1	1	-1	-1
1	2	456	-1	50	-1	-1	287	57	122	181	560000	550000	14	86	1	-1	-1	-1	-1	-1	-1	-1	-1	-1	-1	-1	
189	"Hunt Iron Knight"																										
0	4	1	2	3	-1	380	1	-1	-1	-1	-1	1	1	1	1	1	1	1	1	1	1	1	1	1	1	-1	-1
1	2	458	-1	50	-1	-1	287	57	191	137	570000	560000	14	87	1	-1	-1	-1	-1	-1	-1	-1	-1	-1	-1	-1	
190	"Hunt Coolutin"																										
0	4	1	2	3	-1	380	1	-1	-1	-1	-1	1	1	1	1	1	1	1	1	1	1	1	1	1	1	-1	-1
1	2	457	-1	50	-1	-1	287	57	191	137	580000	570000	14	371	1	-1	-1	-1	-1	-1	-1	-1	-1	-1	-1	-1	
191	"Hunt Dark Coolutin"																										
0	4	1	2	3	-1	385	1	-1	-1	-1	-1	1	1	1	1	1	1	1	1	1	1	1	1	1	1	-1	-1
1	2	564	-1	50	-1	-1	287	57	83	116	590000	580000	14	85	1	-1	-1	-1	-1	-1	-1	-1	-1	-1	-1	-1	
192	"Hunt Dark Mammoth"																										
0	4	1	2	3	-1	385	1	-1	-1	-1	-1	1	1	1	1	1	1	1	1	1	1	1	1	1	1	-1	-1
1	2	562	-1	50	-1	-1	287	57	83	116	600000	590000	14	86	1	-1	-1	-1	-1	-1	-1	-1	-1	-1	-1	-1	
193	"Hunt Dark Giant"																										
0	4	1	2	3	-1	385	1	-1	-1	-1	-1	1	1	1	1	1	1	1	1	1	1	1	1	1	1	-1	-1
1	2	563	-1	50	-1	-1	287	57	83	116	610000	600000	14	87	1	-1	-1	-1	-1	-1	-1	-1	-1	-1	-1	-1	
194	"Hunt Dark Iron Knight"																										
0	4	1	2	3	-1	385	1	-1	-1	-1	-1	1	1	1	1	1	1	1	1	1	1	1	1	1	1	-1	-1
1	2	565	-1	50	-1	-1	287	57	39	87	620000	610000	14	371	1	-1	-1	-1	-1	-1	-1	-1	-1	-1	-1	-1	
195	"Reach Lv. 400"																										
0	4	1	1	3	-1	385	1	-1	-1	-1	-1	1	1	1	1	1	1	1	1	1	1	1	1	1	1	-1	-1
1	3	400	-1	-1	-1	-1	488	110	221	167	2200000	100000	-1	-1	-1	-1	-1	-1	-1	-1	-1	-1	-1	-1	-1	-1	
196	"3rd Class Upgrade Quest Completed"																										
0	4	1	1	3	-1	400	1	-1	-1	-1	-1	1	1	1	1	1	1	1	1	1	1	1	1	1	1	-1	-1
1	4	6	-1	-1	-1	-1	118	34	228	47	2200000	100000	-1	-1	-1	-1	-1	-1	-1	-1	-1	-1	-1	-1	-1	-1	
end																											
