//Index   Flag   MapN   MapSX   MapSY   MapTX   MapTY   TargetGate   TargetDir   MinLevel   MaxLevel   MinReset   MaxReset   AccountLevel
1         1      0      121     232     123     233     2            0           20         *          *          *          0
2         2      1      107     247     110     247     0            1           20         *          *          *          0
3         1      1      108     248     109     248     4            0           0          *          *          *          0
4         2      0      121     231     123     231     0            1           0          *          *          *          0
5         1      1      239     149     239     150     6            0           20         *          *          *          0
6         2      1      231     126     234     127     0            1           20         *          *          *          0
7         1      1      232     127     233     128     8            0           20         *          *          *          0
8         2      1      240     148     241     151     0            3           20         *          *          *          0
9         1      1      2       17      2       18      10           0           20         *          *          *          0
10        2      1      3       83      4       86      0            3           20         *          *          *          0
11        1      1      2       84      2       85      12           0           20         *          *          *          0
12        2      1      3       16      6       17      0            3           20         *          *          *          0
13        1      1      5       34      6       34      14           0           20         *          *          *          0
14        2      1      29      125     30      126     0            1           20         *          *          *          0
15        1      1      29      127     30      127     16           0           20         *          *          *          0
16        2      1      5       32      7       33      0            1           20         *          *          *          0
17        0      0      133     118     151     135     0            0           0          *          *          *          0
18        1      0      5       38      6       41      19           0           15         *          *          *          0
19        2      2      242     34      243     37      0            7           15         *          *          *          0
20        1      2      244     34      245     37      21           0           0          *          *          *          0
21        2      0      7       38      8       41      0            3           0          *          *          *          0
22        0      2      197     35      218     50      0            0           15         *          *          *          0
23        1      0      213     246     217     247     24           0           10         *          *          *          0
24        2      3      148     5       155     6       0            5           10         *          *          *          0
25        1      3      148     3       155     4       26           0           10         *          *          *          0
26        2      0      213     244     217     245     0            1           10         *          *          *          0
27        0      3      171     108     177     117     0            0           0          *          *          *          0
28        1      2      2       248     3       249     29           0           40         *          *          *          0
29        2      4      162     2       166     3       0            5           40         *          *          *          0
30        1      4      190     6       191     8       31           0           40         *          *          *          0
31        2      4      241     237     244     238     0            1           40         *          *          *          0
32        1      4      166     163     167     166     33           0           40         *          *          *          0
33        2      4      86      166     87      168     0            3           40         *          *          *          0
34        1      4      132     245     135     246     35           0           50         *          *          *          0
35        2      4      87      86      88      89      0            3           50         *          *          *          0
36        1      4      132     135     135     136     37           0           50         *          *          *          0
37        2      4      128     53      131     54      0            1           50         *          *          *          0
38        1      4      131     15      132     18      39           0           50         *          *          *          0
39        2      4      52      53      55      54      0            1           50         *          *          *          0
40        1      4      6       5       7       8       41           0           50         *          *          *          0
41        2      4      8       85      9       87      0            1           50         *          *          *          0
42        0      4      203     70      213     81      0            0           40         *          *          *          0
43        1      4      162     0       166     1       44           0           15         *          *          *          0
44        2      2      2       246     3       247     0            2           15         *          *          *          0
45        1      3      242     240     245     243     46           0           60         *          *          *          0
46        2      7      14      12      15      13      0            3           60         *          *          *          0
47        1      7      9       9       11      12      48           0           60         *          *          *          0
48        2      3      240     240     241     243     0            7           60         *          *          *          0
49        0      7      15      11      27      23      0            0           60         *          *          *          0
50        0      6      72      140     73      181     0            0           0          *          *          *          0
51        0      6      59      153     59      153     0            0           0          *          *          *          0
52        0      6      59      164     59      165     0            0           0          *          *          *          0
53        1      7      14      225     15      230     54           0           130        *          *          *          0
54        2      8      248     40      251     44      0            7           0          *          *          *          0
55        1      8      246     40      247     44      56           0           130        *          *          *          0
56        2      7      16      225     17      230     0            3           0          *          *          *          0
57        0      8      187     54      203     69      0            0           60         *          *          *          0
58        0      9      133     91      141     99      0            0           10         *          *          *          0
59        0      9      135     162     142     170     0            0           10         *          *          *          0
60        0      9      62      150     70      158     0            0           10         *          *          *          0
61        0      9      66      84      74      92      0            0           10         *          *          *          0
62        1      4      17      250     19      250     63           0           160        *          *          *          0
63        2      10     14      13      16      13      0            5           160        *          *          *          0
64        1      10     14      12      16      12      65           0           50         *          *          *          0
65        2      4      17      249     19      249     0            1           50         *          *          *          0
66        0      11     12      5       14      10      0            0           0          *          *          *          0
67        0      12     12      5       14      10      0            0           0          *          *          *          0
68        0      13     12      5       14      10      0            0           0          *          *          *          0
69        0      14     12      5       14      10      0            0           0          *          *          *          0
70        0      15     12      5       14      10      0            0           0          *          *          *          0
71        0      16     12      5       14      10      0            0           0          *          *          *          0
72        0      2      23      27      27      24      0            0           15         *          *          *          0
73        0      2      224     231     227     227     0            0           15         *          *          *          0
74        0      2      69      181     72      178     0            0           15         *          *          *          0
75        0      7      225     53      228     50      0            0           60         *          *          *          0
76        0      7      62      163     68      157     0            0           60         *          *          *          0
77        0      8      96      143     100     146     0            0           130        *          *          *          0
80        0      17     12      5       14      10      0            0           0          *          *          *          0
82        0      18     31      88      36      95      0            0           0          *          *          *          0
83        0      19     31      88      36      95      0            0           0          *          *          *          0
84        0      20     31      88      36      95      0            0           0          *          *          *          0
85        0      21     31      88      36      95      0            0           0          *          *          *          0
86        0      22     31      88      36      95      0            0           0          *          *          *          0
87        0      23     31      88      36      95      0            0           0          *          *          *          0
88        0      24     10      16      17      22      0            0           0          *          *          *          0
89        0      25     10      16      17      22      0            0           0          *          *          *          0
90        0      26     10      16      17      22      0            0           0          *          *          *          0
91        0      27     10      16      17      22      0            0           0          *          *          *          0
92        0      28     10      16      17      22      0            0           0          *          *          *          0
93        0      29     10      16      17      22      0            0           0          *          *          *          0
94        0      30     88      31      102     46      0            0           0          *          *          *          0
95        0      31     60      10      69      19      0            0           0          *          *          *          0
96        1      30     93      242     95      243     97           0           0          *          *          *          0
97        2      30     164     198     187     209     0            0           0          *          *          *          0
98        1      30     160     203     161     205     99           0           0          *          *          *          0
99        2      30     90      236     99      239     0            0           0          *          *          *          0
100       0      30     39      14      142     50      0            0           0          *          *          *          0
101       0      30     84      180     100     222     0            0           0          *          *          *          0
102       1      0      239     14      240     15      103          0           10         *          *          *          0
103       2      30     29      42      30      37      0            0           10         *          *          *          0
104       0      30     87      209     100     232     0            0           0          *          *          *          0
105       0      30     72      10      104     199     0            0           0          *          *          *          0
106       0      30     131     94      138     92      0            0           0          *          *          *          0
107       1      30     28      40      28      41      108          0           0          *          *          *          0
108       2      0      235     13      239     13      0            0           0          *          *          *          0
109       1      31     59      7       63      8       110          0           0          *          *          *          0
110       2      30     131     94      138     92      0            0           0          *          *          *          0
111       0      32     133     91      141     99      0            0           10         *          *          *          0
112       0      32     135     162     142     170     0            0           10         *          *          *          0
113       2      33     76      9       78      16      0            0           10         *          *          *          0
114       2      34     231     37      234     45      0            0           10         *          *          *          0
115       0      6      61      116     64      119     0            0           0          *          *          *          0
116       0      36     10      16      17      22      0            0           0          *          *          *          0
117       1      30     161     37      165     45      114          0           10         *          *          *          0
118       0      34     229     37      239     46      0            0           10         *          *          *          0
119       0      33     82      8       87      14      0            0           130        *          *          *          0
120       1      3      220     30      226     30      113          0           130        *          *          *          0
121       1      33     74      9       74      13      122          0           10         *          *          *          0
122       2      3      220     31      226     34      0            0           10         *          *          *          0
123       1      34     239     40      240     44      124          0           10         *          *          *          0
124       2      30     155     37      158     43      0            0           10         *          *          *          0
125       1      8      6       199     6       201     126          0           150        *          *          *          0
126       2      37     17      219     21      220     0            0           150        *          *          *          0
127       1      37     17      220     19      222     128          0           130        *          *          *          0
128       2      8      7       199     7       201     0            0           130        *          *          *          0
129       1      37     89      89      89      92      130          0           220        *          *          *          0
130       2      38     70      104     70      107     0            0           220        *          *          *          0
131       1      38     69      104     69      107     132          0           150        *          *          *          0
132       2      37     85      89      86      92      0            0           150        *          *          *          0
133       0      39     196     56      201     57      0            0           220        *          *          *          0
134       0      39     78      93      82      95      0            0           220        *          *          *          0
135       0      39     78      93      82      95      0            0           220        *          *          *          0
136       0      38     137     162     143     163     0            0           220        *          *          *          0
137       0      38     71      104     72      107     0            0           220        *          *          *          0
138       0      37     19      217     21      219     0            0           160        *          *          *          0
139       0      38     71      104     72      107     0            0           230        *          *          *          0
140       0      33     186     173     190     177     0            0           130        *          *          *          0
141       0      37     205     36      208     41      0            0           160        *          *          *          0
142       0      45     98      128     108     137     0            0           0          *          *          *          0
143       0      46     98      128     108     137     0            0           0          *          *          *          0
144       0      47     98      128     108     137     0            0           0          *          *          *          0
145       0      48     98      128     108     137     0            0           0          *          *          *          0
146       0      49     98      128     108     137     0            0           0          *          *          *          0
147       0      50     98      128     108     137     0            0           0          *          *          *          0
148       0      45     141     41      146     45      0            0           0          *          *          *          0
149       0      46     141     41      146     45      0            0           0          *          *          *          0
150       0      47     141     41      146     45      0            0           0          *          *          *          0
151       0      48     141     41      146     45      0            0           0          *          *          *          0
152       0      49     141     41      146     45      0            0           0          *          *          *          0
153       0      50     141     41      146     45      0            0           0          *          *          *          0
154       0      45     194     124     198     127     0            0           0          *          *          *          0
155       0      46     194     124     198     127     0            0           0          *          *          *          0
156       0      47     194     124     198     127     0            0           0          *          *          *          0
157       0      48     194     124     198     127     0            0           0          *          *          *          0
158       0      49     194     124     198     127     0            0           0          *          *          *          0
159       0      50     194     124     198     127     0            0           0          *          *          *          0
160       1      45     136     100     137     101     161          0           0          *          *          *          0
161       2      45     170     101     170     103     0            0           0          *          *          *          0
162       1      45     150     117     152     119     163          0           0          *          *          *          0
163       2      45     149     84      152     84      0            0           0          *          *          *          0
164       1      45     149     88      151     89      165          0           0          *          *          *          0
165       2      45     149     122     151     122     0            0           0          *          *          *          0
166       1      45     165     101     166     104     167          0           0          *          *          *          0
167       2      45     132     99      132     103     0            0           0          *          *          *          0
168       1      45     173     65      174     68      169          0           0          *          *          *          0
169       2      45     207     65      207     68      0            0           0          *          *          *          0
170       1      45     186     79      189     81      171          0           0          *          *          *          0
171       2      45     186     47      189     47      0            0           0          *          *          *          0
172       1      45     186     51      188     52      173          0           0          *          *          *          0
173       2      45     186     84      189     84      0            0           0          *          *          *          0
174       1      45     202     66      203     68      175          0           0          *          *          *          0
175       2      45     169     65      169     68      0            0           0          *          *          *          0
176       1      46     136     100     137     101     177          0           0          *          *          *          0
177       2      46     170     101     170     103     0            0           0          *          *          *          0
178       1      46     150     117     152     119     179          0           0          *          *          *          0
179       2      46     149     84      152     84      0            0           0          *          *          *          0
180       1      46     149     88      151     89      181          0           0          *          *          *          0
181       2      46     149     122     151     122     0            0           0          *          *          *          0
182       1      46     165     101     166     104     183          0           0          *          *          *          0
183       2      46     132     99      132     103     0            0           0          *          *          *          0
184       1      46     173     65      174     68      185          0           0          *          *          *          0
185       2      46     207     65      207     68      0            0           0          *          *          *          0
186       1      46     186     79      189     81      187          0           0          *          *          *          0
187       2      46     186     47      189     47      0            0           0          *          *          *          0
188       1      46     186     51      188     52      189          0           0          *          *          *          0
189       2      46     186     84      189     84      0            0           0          *          *          *          0
190       1      46     202     66      203     68      191          0           0          *          *          *          0
191       2      46     169     65      169     68      0            0           0          *          *          *          0
192       1      47     136     100     137     101     193          0           0          *          *          *          0
193       2      47     170     101     170     103     0            0           0          *          *          *          0
194       1      47     150     117     152     119     195          0           0          *          *          *          0
195       2      47     149     84      152     84      0            0           0          *          *          *          0
196       1      47     149     88      151     89      197          0           0          *          *          *          0
197       2      47     149     122     151     122     0            0           0          *          *          *          0
198       1      47     165     101     166     104     199          0           0          *          *          *          0
199       2      47     132     99      132     103     0            0           0          *          *          *          0
200       1      47     173     65      174     68      201          0           0          *          *          *          0
201       2      47     207     65      207     68      0            0           0          *          *          *          0
202       1      47     186     79      189     81      203          0           0          *          *          *          0
203       2      47     186     47      189     47      0            0           0          *          *          *          0
204       1      47     186     51      188     52      205          0           0          *          *          *          0
205       2      47     186     84      189     84      0            0           0          *          *          *          0
206       1      47     202     66      203     68      207          0           0          *          *          *          0
207       2      47     169     65      169     68      0            0           0          *          *          *          0
208       1      48     136     100     137     101     209          0           0          *          *          *          0
209       2      48     170     101     170     103     0            0           0          *          *          *          0
210       1      48     150     117     152     119     211          0           0          *          *          *          0
211       2      48     149     84      152     84      0            0           0          *          *          *          0
212       1      48     149     88      151     89      213          0           0          *          *          *          0
213       2      48     149     122     151     122     0            0           0          *          *          *          0
214       1      48     165     101     166     104     215          0           0          *          *          *          0
215       2      48     132     99      132     103     0            0           0          *          *          *          0
216       1      48     173     65      174     68      217          0           0          *          *          *          0
217       2      48     207     65      207     68      0            0           0          *          *          *          0
218       1      48     186     79      189     81      219          0           0          *          *          *          0
219       2      48     186     47      189     47      0            0           0          *          *          *          0
220       1      48     186     51      188     52      221          0           0          *          *          *          0
221       2      48     186     84      189     84      0            0           0          *          *          *          0
222       1      48     202     66      203     68      223          0           0          *          *          *          0
223       2      48     169     65      169     68      0            0           0          *          *          *          0
224       1      49     136     100     137     101     225          0           0          *          *          *          0
225       2      49     170     101     170     103     0            0           0          *          *          *          0
226       1      49     150     117     152     119     227          0           0          *          *          *          0
227       2      49     149     84      152     84      0            0           0          *          *          *          0
228       1      49     149     88      151     89      229          0           0          *          *          *          0
229       2      49     149     122     151     122     0            0           0          *          *          *          0
230       1      49     165     101     166     104     231          0           0          *          *          *          0
231       2      49     132     99      132     103     0            0           0          *          *          *          0
232       1      49     173     65      174     68      233          0           0          *          *          *          0
233       2      49     207     65      207     68      0            0           0          *          *          *          0
234       1      49     186     79      189     81      235          0           0          *          *          *          0
235       2      49     186     47      189     47      0            0           0          *          *          *          0
236       1      49     186     51      188     52      237          0           0          *          *          *          0
237       2      49     186     84      189     84      0            0           0          *          *          *          0
238       1      49     202     66      203     68      239          0           0          *          *          *          0
239       2      49     169     65      169     68      0            0           0          *          *          *          0
240       1      50     136     100     137     101     241          0           0          *          *          *          0
241       2      50     170     101     170     103     0            0           0          *          *          *          0
242       1      50     150     117     152     119     243          0           0          *          *          *          0
243       2      50     149     84      152     84      0            0           0          *          *          *          0
244       1      50     149     88      151     89      245          0           0          *          *          *          0
245       2      50     149     122     151     122     0            0           0          *          *          *          0
246       1      50     165     101     166     104     247          0           0          *          *          *          0
247       2      50     132     99      132     103     0            0           0          *          *          *          0
248       1      50     173     65      174     68      249          0           0          *          *          *          0
249       2      50     207     65      207     68      0            0           0          *          *          *          0
250       1      50     186     79      189     81      251          0           0          *          *          *          0
251       2      50     186     47      189     47      0            0           0          *          *          *          0
252       1      50     186     51      188     52      253          0           0          *          *          *          0
253       2      50     186     84      189     84      0            0           0          *          *          *          0
254       1      50     202     66      203     68      255          0           0          *          *          *          0
255       2      50     169     65      169     68      0            0           0          *          *          *          0
256       0      41     29      79      31      82      0            0           0          *          *          *          0
257       0      42     104     178     107     181     0            0           0          *          *          *          0
258       0      34     227     41      229     43      0            0           0          *          *          *          0
259       1      2      161     245     166     246     260          0           15         *          *          *          0
260       2      51     26      29      27      30      0            0           15         *          *          *          0
261       1      51     24      29      25      30      262          0           15         *          *          *          0
262       2      2      161     241     163     242     0            0           15         *          *          *          0
263       1      7      13      19      14      20      264          0           10         *          *          *          0
264       2      51     243     149     244     150     0            0           10         *          *          *          0
265       1      51     247     149     248     150     266          0           60         *          *          *          0
266       2      7      16      19      17      20      0            0           60         *          *          *          0
267       0      51     51      224     54      227     0            0           0          *          *          *          0
268       0      51     99      55      100     57      0            0           10         *          *          *          0
269       0      51     191     148     193     150     0            0           10         *          *          *          0
270       0      32     62      150     70      158     0            0           10         *          *          *          0
271       0      52     12      5       14      10      0            0           0          *          *          *          0
272       0      53     31      88      36      95      0            0           0          *          *          *          0
273       0      56     135     105     142     111     0            0           400        *          *          *          0
274       1      56     139     125     139     126     275          0           400        *          *          *          0
275       2      56     189     190     191     193     0            0           400        *          *          *          0
276       1      56     185     187     186     188     273          0           400        *          *          *          0
277       1      56     149     109     150     109     278          0           400        *          *          *          0
278       2      56     204     10      206     14      0            0           400        *          *          *          0
279       1      56     197     12      197     14      273          0           400        *          *          *          0
280       1      56     139     95      140     95      281          0           400        *          *          *          0
281       2      56     65      47      67      48      0            0           400        *          *          *          0
282       1      56     68      52      69      53      273          0           400        *          *          *          0
283       1      56     124     109     124     110     284          0           400        *          *          *          0
284       2      56     62      174     63      179     0            0           400        *          *          *          0
285       1      56     57      176     57      177     273          0           400        *          *          *          0
286       1      2      52      92      54      92      287          0           270        *          *          *          0
287       0      57     222     211     225     212     0            0           270        *          *          *          0
288       1      57     223     215     225     215     289          0           270        *          *          *          0
289       0      2      52      88      54      89      0            0           270        *          *          *          0
290       1      57     171     23      171     25      291          0           270        *          *          *          0
291       0      58     160     24      161     27      0            0           270        *          *          *          0
292       1      58     167     24      167     25      293          0           270        *          *          *          0
293       0      57     174     23      175     25      0            0           270        *          *          *          0
294       0      63     120     129     126     134     0            0           20         *          *          *          0
295       0      64     101     64      0       0       0            0           30         *          *          *          0
296       0      64     101     75      0       0       0            0           30         *          *          *          0
297       0      64     101     113     0       0       0            0           30         *          *          *          0
298       0      64     101     124     0       0       0            0           30         *          *          *          0
299       0      64     154     64      0       0       0            0           30         *          *          *          0
300       0      64     154     75      0       0       0            0           30         *          *          *          0
301       0      64     154     113     0       0       0            0           30         *          *          *          0
302       0      64     154     124     0       0       0            0           30         *          *          *          0
303       0      64     100     70      0       0       0            0           30         *          *          *          0
304       0      64     100     120     0       0       0            0           30         *          *          *          0
305       0      64     150     70      0       0       0            0           30         *          *          *          0
306       0      64     150     120     0       0       0            0           30         *          *          *          0
307       0      69     231     15      233     17      0            0           0          *          *          *          0
308       1      69     209     80      211     82      309          0           0          *          *          *          0
309       0      69     202     24      203     27      0            0           0          *          *          *          0
310       1      69     153     60      155     62      311          0           0          *          *          *          0
311       0      69     179     65      181     67      0            0           0          *          *          *          0
312       0      70     86      63      87      66      0            0           0          *          *          *          0
313       1      70     10      64      12      66      314          0           0          *          *          *          0
314       0      70     35      84      38      85      0            0           0          *          *          *          0
315       1      70     54      161     56      163     316          0           0          *          *          *          0
316       0      70     121     110     123     112     0            0           0          *          *          *          0
317       0      71     154     187     155     189     0            0           0          *          *          *          0
318       1      71     82      194     84      196     319          0           0          *          *          *          0
319       0      71     222     121     224     123     0            0           0          *          *          *          0
320       1      71     222     201     224     203     321          0           0          *          *          *          0
321       0      71     165     206     168     207     0            0           0          *          *          *          0
322       0      72     93      66      94      69      0            0           0          *          *          *          0
323       1      72     30      95      32      97      324          0           0          *          *          *          0
324       0      72     32      162     34      164     0            0           0          *          *          *          0
325       1      72     68      160     70      162     326          0           0          *          *          *          0
326       0      72     145     155     147     157     0            0           0          *          *          *          0
327       1      72     223     165     225     167     328          0           0          *          *          *          0
328       0      72     241     23      243     25      0            0           0          *          *          *          0
329       0      65     193     26      200     32      0            0           0          *          *          *          0
330       0      66     133     68      139     74      0            0           0          *          *          *          0
331       0      67     106     58      111     62      0            0           0          *          *          *          0
332       0      68     90      10      97      17      0            0           0          *          *          *          0
333       0      79     56      74      58      77      0            0           0          *          *          *          0
334       0      37     66      183     74      191     0            0           160        *          *          *          0
335       0      80     124     123     127     125     0            0           170        *          *          *          0
336       1      33     237     167     240     168     337          0           160        *          *          *          0
337       2      80     118     44      119     46      0            3           160        *          *          *          0
338       1      80     116     44      117     47      339          0           160        *          *          *          0
339       2      33     237     166     240     166     0            1           160        *          *          *          0
340       1      80     186     210     190     212     341          0           160        *          *          *          0
341       2      81     162     12      164     14      0            5           160        *          *          *          0
342       1      81     161     8       165     9       343          0           160        *          *          *          0
343       2      80     188     207     189     208     0            1           160        *          *          *          0
344       0      81     162     16      163     17      0            5           160        *          *          *          0
345       0      82     60      66      63      69      0            0           0          *          *          *          0
346       0      82     69      195     72      198     0            0           0          *          *          *          0
347       0      82     196     187     199     190     0            0           0          *          *          *          0
348       0      82     187     61      190     64      0            0           0          *          *          *          0
349       0      83     60      66      63      69      0            0           0          *          *          *          0
350       0      83     69      195     72      198     0            0           0          *          *          *          0
351       0      83     196     187     199     190     0            0           0          *          *          *          0
352       0      83     187     61      190     64      0            0           0          *          *          *          0
353       0      84     60      66      63      69      0            0           0          *          *          *          0
354       0      84     69      195     72      198     0            0           0          *          *          *          0
355       0      84     196     187     199     190     0            0           0          *          *          *          0
356       0      84     187     61      190     64      0            0           0          *          *          *          0
357       0      85     60      66      63      69      0            0           0          *          *          *          0
358       0      85     69      195     72      198     0            0           0          *          *          *          0
359       0      85     196     187     199     190     0            0           0          *          *          *          0
360       0      85     187     61      190     64      0            0           0          *          *          *          0
361       0      86     60      66      63      69      0            0           0          *          *          *          0
362       0      86     69      195     72      198     0            0           0          *          *          *          0
363       0      86     196     187     199     190     0            0           0          *          *          *          0
364       0      86     187     61      190     64      0            0           0          *          *          *          0
365       0      87     60      66      63      69      0            0           0          *          *          *          0
366       0      87     69      195     72      198     0            0           0          *          *          *          0
367       0      87     196     187     199     190     0            0           0          *          *          *          0
368       0      87     187     61      190     64      0            0           0          *          *          *          0
369       0      88     60      66      63      69      0            0           0          *          *          *          0
370       0      88     69      195     72      198     0            0           0          *          *          *          0
371       0      88     196     187     199     190     0            0           0          *          *          *          0
372       0      88     187     61      190     64      0            0           0          *          *          *          0
373       0      89     60      66      63      69      0            0           0          *          *          *          0
374       0      89     69      195     72      198     0            0           0          *          *          *          0
375       0      89     196     187     199     190     0            0           0          *          *          *          0
376       0      89     187     61      190     64      0            0           0          *          *          *          0
377       0      90     60      66      63      69      0            0           0          *          *          *          0
378       0      90     69      195     72      198     0            0           0          *          *          *          0
379       0      90     196     187     199     190     0            0           0          *          *          *          0
380       0      90     187     61      190     64      0            0           0          *          *          *          0
381       0      82     123     120     129     134     0            0           0          *          *          *          0
382       0      82     123     126     134     132     0            0           0          *          *          *          0
383       0      82     127     121     133     133     0            0           0          *          *          *          0
384       0      82     123     121     133     128     0            0           0          *          *          *          0
385       0      83     123     120     129     134     0            0           0          *          *          *          0
386       0      83     123     126     134     132     0            0           0          *          *          *          0
387       0      83     127     121     133     133     0            0           0          *          *          *          0
388       0      83     123     121     133     128     0            0           0          *          *          *          0
389       0      84     123     120     129     134     0            0           0          *          *          *          0
390       0      84     123     126     134     132     0            0           0          *          *          *          0
391       0      84     127     121     133     133     0            0           0          *          *          *          0
392       0      84     123     121     133     128     0            0           0          *          *          *          0
393       0      85     123     120     129     134     0            0           0          *          *          *          0
394       0      85     123     126     134     132     0            0           0          *          *          *          0
395       0      85     127     121     133     133     0            0           0          *          *          *          0
396       0      85     123     121     133     128     0            0           0          *          *          *          0
397       0      86     123     120     129     134     0            0           0          *          *          *          0
398       0      86     123     126     134     132     0            0           0          *          *          *          0
399       0      86     127     121     133     133     0            0           0          *          *          *          0
400       0      86     123     121     133     128     0            0           0          *          *          *          0
401       0      87     123     120     129     134     0            0           0          *          *          *          0
402       0      87     123     126     134     132     0            0           0          *          *          *          0
403       0      87     127     121     133     133     0            0           0          *          *          *          0
404       0      87     123     121     133     128     0            0           0          *          *          *          0
405       0      88     123     120     129     134     0            0           0          *          *          *          0
406       0      88     123     126     134     132     0            0           0          *          *          *          0
407       0      88     127     121     133     133     0            0           0          *          *          *          0
408       0      88     123     121     133     128     0            0           0          *          *          *          0
409       0      89     123     120     129     134     0            0           0          *          *          *          0
410       0      89     123     126     134     132     0            0           0          *          *          *          0
411       0      89     127     121     133     133     0            0           0          *          *          *          0
412       0      89     123     121     133     128     0            0           0          *          *          *          0
413       0      90     123     120     129     134     0            0           0          *          *          *          0
414       0      90     123     126     134     132     0            0           0          *          *          *          0
415       0      90     127     121     133     133     0            0           0          *          *          *          0
416       0      90     123     121     133     128     0            0           0          *          *          *          0
417       0      91     51      190     60      197     0            0           0          *          *          *          0
418       1      91     26      168     28      172     419          0           0          *          *          *          0
419       2      91     112     161     114     166     0            0           0          *          *          *          0
420       1      91     115     168     118     170     421          0           0          *          *          *          0
421       2      91     33      167     37      170     0            0           0          *          *          *          0
422       1      91     82      204     86      205     423          0           0          *          *          *          0
423       2      91     151     198     156     200     0            0           0          *          *          *          0
424       1      91     147     202     148     206     425          0           0          *          *          *          0
425       2      91     81      197     83      199     0            0           0          *          *          *          0
426       0      92     51      190     60      197     0            0           0          *          *          *          0
427       1      92     26      168     28      172     428          0           0          *          *          *          0
428       2      92     112     161     114     166     0            0           0          *          *          *          0
429       1      92     115     168     118     170     430          0           0          *          *          *          0
430       2      92     33      167     37      170     0            0           0          *          *          *          0
431       1      92     82      204     86      205     432          0           0          *          *          *          0
432       2      92     151     198     156     200     0            0           0          *          *          *          0
433       1      92     147     202     148     206     434          0           0          *          *          *          0
434       2      92     81      197     83      199     0            0           0          *          *          *          0
435       1      91     52      161     53      163     436          0           0          *          *          *          0
436       2      95     19      104     20      105     0            1           0          *          *          *          0
437       1      95     17      106     18      107     438          0           0          *          *          *          0
438       2      91     54      163     55      164     0            5           0          *          *          *          0
439       1      92     52      161     53      163     440          0           0          *          *          *          0
440       2      96     19      104     20      105     0            1           0          *          *          *          0
441       1      96     17      106     18      107     442          0           0          *          *          *          0
442       2      92     54      163     55      164     0            5           0          *          *          *          0
443       0      97     31      88      36      95      0            0           0          *          *          *          0
444       0      98     98      128     108     137     0            0           0          *          *          *          0
445       0      99     98      128     108     137     0            0           0          *          *          *          0
446       0      98     141     41      146     45      0            0           0          *          *          *          0
447       0      99     141     41      146     45      0            0           0          *          *          *          0
448       0      98     194     124     198     127     0            0           0          *          *          *          0
449       0      99     194     124     198     127     0            0           0          *          *          *          0
450       1      91     65      218     67      219     451          3           0          *          *          *          0
451       2      100    24      90      25      86      0            5           0          *          *          *          0
452       1      100    19      87      20      88      453          5           0          *          *          *          0
453       2      91     62      213     64      214     0            3           0          *          *          *          0
454       1      100    42      80      44      81      455          0           0          *          *          *          0
455       2      100    212     31      213     32      0            0           0          *          *          *          0
456       1      100    215     33      217     34      457          0           0          *          *          *          0
457       2      100    40      82      41      84      0            0           0          *          *          *          0
458       1      100    40      97      42      98      459          0           0          *          *          *          0
459       2      100    107     225     109     226     0            0           0          *          *          *          0
460       1      100    108     229     110     230     461          0           0          *          *          *          0
461       2      100    39      94      40      95      0            0           0          *          *          *          0
462       1      92     65      218     67      219     451          3           0          *          *          *          0
463       2      101    24      90      25      86      0            5           0          *          *          *          0
464       1      101    19      87      20      88      450          5           0          *          *          *          0
465       2      92     62      213     64      214     0            3           0          *          *          *          0
466       1      101    42      80      44      81      455          0           0          *          *          *          0
467       2      101    212     31      213     32      0            0           0          *          *          *          0
468       1      101    215     33      217     34      457          0           0          *          *          *          0
469       2      101    40      82      41      84      0            0           0          *          *          *          0
470       1      101    40      97      42      98      459          0           0          *          *          *          0
471       2      101    107     225     109     226     0            0           0          *          *          *          0
472       1      101    108     229     110     230     461          0           0          *          *          *          0
473       2      101    39      94      40      95      0            0           0          *          *          *          0
474       0      102    125     126     130     130     0            0           10         *          *          *          0
475       1      1      115     231     117     233     476          0           0          *          *          *          0
476       2      1      45      152     48      155     0            0           0          *          *          *          0
477       1      1      45      148     47      150     478          0           0          *          *          *          0
478       2      1      112     232     113     234     0            0           0          *          *          *          0
479       1      1      233     106     237     108     480          0           0          *          *          *          0
480       2      1      241     85      242     89      0            0           0          *          *          *          0
481       1      1      244     86      245     89      482          0           0          *          *          *          0
482       2      1      229     108     231     110     0            0           0          *          *          *          0
483       0      103    125     126     130     130     0            0           10         *          *          *          0
484       0      104    125     126     130     130     0            0           10         *          *          *          0
485       0      105    125     126     130     130     0            0           10         *          *          *          0
486       0      106    125     126     130     130     0            0           10         *          *          *          0
487       1      91     90      181     91      184     488          3           0          *          *          *          0
488       2      110    213     193     214     196     0            5           0          *          *          *          0
489       1      110    211     190     212     191     490          5           0          *          *          *          0
490       2      91     94      184     95      187     0            3           0          *          *          *          0
491       1      110    179     148     180     149     492          0           0          *          *          *          0
492       2      110    133     166     136     167     0            0           0          *          *          *          0
493       1      110    131     170     133     171     494          0           0          *          *          *          0
494       2      110    213     193     214     196     0            0           0          *          *          *          0
495       1      110    179     185     180     187     496          0           0          *          *          *          0
496       2      110    127     29      128     30      0            0           0          *          *          *          0
497       1      110    126     33      127     34      498          0           0          *          *          *          0
498       2      110    181     188     183     188     0            0           0          *          *          *          0
499       1      110    179     210     180     211     500          0           0          *          *          *          0
500       2      110    34      198     35      199     0            0           0          *          *          *          0
501       1      110    36      195     37      196     502          0           0          *          *          *          0
502       2      110    181     208     183     209     0            0           0          *          *          *          0
503       0      79     203     56      207     59      0            0           0          *          *          *          0
504       0      79     188     90      192     91      0            0           0          *          *          *          0
505       0      79     221     91      227     92      0            0           0          *          *          *          0
506       0      79     191     20      194     23      0            0           0          *          *          *          0
507       0      79     170     55      173     59      0            0           0          *          *          *          0
508       0      79     230     28      236     29      0            0           0          *          *          *          0
509       0      112    236     152     237     153     0            0           400        *          *          *          0
510       1      8      176     38      178     40      511          0           400        *          *          *          0
511       2      112    236     152     237     153     0            0           400        *          *          *          0
512       1      112    198     173     199     175     513          0           400        *          *          *          0
513       2      112    107     67      108     68      0            0           400        *          *          *          0
514       1      112    80      233     81      235     515          0           400        *          *          *          0
515       2      112    201     155     202     156     0            0           400        *          *          *          0
516       1      112    199     137     200     138     517          0           400        *          *          *          0
517       2      112    82      226     83      227     0            0           400        *          *          *          0
518       1      112    100     66      101     68      519          0           400        *          *          *          0
519       2      112    201     155     202     156     0            0           400        *          *          *          0
520       1      112    236     175     239     176     521          0           400        *          *          *          0
521       2      8      187     54      189     55      0            0           400        *          *          *          0
522       0      113    24      118     27      121     0            0           700        *          *          *          0
523       1      57     208     219     211     221     524          3           700        *          *          *          0
524       2      113    24      118     27      121     0            1           700        *          *          *          0
525       1      113    17      118     19      121     526          1           700        *          *          *          0
526       2      57     214     203     218     206     0            3           700        *          *          *          0
527       1      113    62      108     67      112     528          0           700        *          *          *          0
528       2      113    149     85      152     88      0            0           700        *          *          *          0
529       1      113    143     89      149     91      530          0           700        *          *          *          0
530       2      113    60      108     62      112     0            0           700        *          *          *          0
531       0      113    22      228     27      229     0            0           700        *          *          *          0
532       1      79     227     55      227     60      533          0           0          *          *          *          0
533       2      114    232     56      234     59      0            0           0          *          *          *          0
534       1      114    228     56      229     59      535          0           0          *          *          *          0
535       2      79     223     56      224     59      0            0           0          *          *          *          0
537       0      114    238     237     239     238     0            0           750        *          *          *          0
540       0      121    147     27      148     28      0            0           0          *          *          *          0
541       1      0      176     29      178     32      542          0           770        *          *          *          0
542       2      116    120     125     121     128     0            0           770        *          *          *          0
543       1      116    117     124     118     125     544          0           770        *          *          *          0
544       2      0      179     30      181     31      0            0           770        *          *          *          0
545       1      116    130     130     131     131     546          0           770        *          *          *          0
546       2      117    131     128     132     129     0            0           770        *          *          *          0
547       1      117    129     131     132     132     548          0           770        *          *          *          0
548       2      116    128     127     129     130     0            0           770        *          *          *          0
549       1      117    116     124     117     127     550          0           770        *          *          *          0
550       2      118    123     123     124     124     0            0           770        *          *          *          0
551       1      118    121     118     122     120     552          0           770        *          *          *          0
552       2      117    131     127     132     128     0            0           770        *          *          *          0
553       1      118    135     130     136     131     554          0           770        *          *          *          0
554       2      119    125     119     126     120     0            0           770        *          *          *          0
555       1      119    122     117     123     119     556          0           770        *          *          *          0
556       2      118    135     127     136     128     0            0           770        *          *          *          0
557       1      119    136     131     137     132     558          0           770        *          *          *          0
558       2      120    126     119     127     120     0            0           770        *          *          *          0
559       1      120    121     118     122     120     560          0           770        *          *          *          0
560       2      119    136     127     137     128     0            0           770        *          *          *          0
561       0      116    120     125     121     128     0            0           770        *          *          *          0
562       0      117    131     128     132     129     0            0           770        *          *          *          0
563       0      118    123     123     124     124     0            0           770        *          *          *          0
564       0      119    125     119     126     120     0            0           770        *          *          *          0
565       0      120    126     119     127     120     0            0           770        *          *          *          0
566       0      0      138     120     139     121     0            0           0          *          *          *          0
567       0      122    128     110     140     125     0            0           800        *          *          *          0
568       1      122    126     128     127     129     569          0           800        *          *          *          0
569       2      122    103     159     104     160     0            0           800        *          *          *          0
570       1      122    107     154     108     155     571          0           800        *          *          *          0
571       2      122    128     125     129     126     0            0           800        *          *          *          0
572       1      122    148     111     148     113     573          0           800        *          *          *          0
573       2      122    182     102     183     103     0            0           800        *          *          *          0
574       1      122    177     102     177     104     575          0           800        *          *          *          0
575       2      122    142     112     143     113     0            0           800        *          *          *          0
576       1      122    132     102     133     103     577          0           800        *          *          *          0
577       2      122    132     68      133     69      0            0           800        *          *          *          0
578       1      122    133     73      135     73      579          0           800        *          *          *          0
579       2      122    133     107     134     108     0            0           800        *          *          *          0
580       1      122    120     113     121     114     581          0           800        *          *          *          0
581       2      122    88      104     89      105     0            0           800        *          *          *          0
582       1      122    92      105     92      107     583          0           800        *          *          *          0
583       2      122    125     114     126     115     0            0           800        *          *          *          0
584       1      122    142     128     144     129     585          0           800        *          *          *          0
585       2      122    160     152     161     153     0            0           800        *          *          *          0
586       1      122    158     150     160     151     587          0           800        *          *          *          0
587       2      122    139     125     140     126     0            0           800        *          *          *          0
588       1      122    241     91      242     92      590          0           800        *          *          *          0
589       1      122    12      158     13      158     590          0           800        *          *          *          0
590       0      122    192     9       193     11      0            0           800        *          *          *          0
591       0      123    236     87      239     91      0            0           850        *          *          *          0
592       1      123    215     109     216     111     593          0           850        *          *          *          0
593       2      123    204     64      208     67      0            0           850        *          *          *          0
594       1      123    207     67      210     68      595          0           850        *          *          *          0
595       2      123    220     107     221     111     0            0           850        *          *          *          0
596       1      123    217     116     220     117     597          0           850        *          *          *          0
597       2      126    204     64      208     67      0            0           850        *          *          *          0
598       1      126    207     67      210     68      599          0           850        *          *          *          0
599       2      123    222     111     225     113     0            0           850        *          *          *          0
600       1      123    223     122     226     122     601          0           850        *          *          *          0
601       2      124    204     64      208     67      0            0           850        *          *          *          0
602       1      124    207     67      210     68      603          0           850        *          *          *          0
603       2      123    226     117     230     119     0            0           850        *          *          *          0
604       1      123    228     127     231     128     605          0           850        *          *          *          0
605       2      127    204     64      208     67      0            0           850        *          *          *          0
606       1      127    207     67      210     68      607          0           850        *          *          *          0
607       2      123    233     112     236     124     0            0           850        *          *          *          0
608       1      123    235     129     237     130     609          0           850        *          *          *          0
609       2      125    204     64      208     67      0            0           850        *          *          *          0
610       1      125    207     67      210     68      611          0           850        *          *          *          0
611       2      123    236     124     239     125     0            0           850        *          *          *          0
612       1      2      159     55      160     59	613          3           850        *          *          *          0
613       2      123    236     87      239     91	0            3           850        *          *          *          0
614       1      123    232     86      234     89	615          7           850        *          *          *          0
615       2      2      163     54      165     59	0            3           850        *          *          *          0
616       0      123    224     111     231     115	0            0           850        *          *          *          0
617       0      128    129     126     132     129     0            0           1000       *          *          *          0
618       0      129    128     124     131     127     0            0           1020       *          *          *          0
619       0      130    128     122     131     126     0            0           1030       *          *          *          0
620       0      131    236     13      242     16      0            0           1050       *          *          *          0
621       1      131    196     25      198     27      622          0           1050       *          *          *          0
622       2      131    80      74      82      77      0            0           1050       *          *          *          0
623       1      131    75      74      77      76      624          0           1050       *          *          *          0
624       2      131    197     30      200     29      0            0           1050       *          *          *          0
625       1      131    206     42      211     43      626          0           1050       *          *          *          0
626       2      131    141     204     145     203     0            0           1050       *          *          *          0
627       1      131    143     208     144     210     628          0           1050       *          *          *          0
628       2      131    207     38      210     38      0            0           1050       *          *          *          0
629       1      8      188     74      190     76      630          0           1050       *          *          *          0
630       2      131    240     19      244     21      0            0           1050       *          *          *          0
631       0      132    123     114     132     128     0            0           1070       *          *          *          0
632       1      4      3       238     4       242     633          0           1070       *          *          *          0
633       2      132    123     114     132     128     0            0           1070       *          *          *          0
634       0      133    125     57      132     59      0            0           1100       *          *          *          0
635       1      51     219     123     222     125     636          0           1100       *          *          *          0
636       2      133    125     57      132     59      0            0           1100       *          *          *          0
637       1      133    125     61      130     61      638          0           1100       *          *          *          0
638       2      51     218     118     223     119     0            0           1100       *          *          *          0
639       1      133    123     13      133     21      640          0           1100       *          *          *          0
640       2      133    124     186     131     131     0            0           1100       *          *          *          0
641       1      133    124     190     127     194     642          0           1100       *          *          *          0
642       2      133    128     21      131     26      0            0           1100       *          *          *          0
end