0
//Season	RateOption1	RateOption2	RateOption3	RateOption4	RateOption5	
1		20		40		40		0		0
end

1
//Index   Group   Idx1   Val1   Rate   Idx2   Val2   Rate   Idx3   Val3   Rate   Idx4   Val4   Rate   Idx5   Val5   Rate
6593      0       19     1      2000   23     4      2000   18     6      2000   16     6      2000   11     0      2000
6594      1       19     1      2000   28     4      2000   29     6      2000   30     6      2000   11     0      2000
6595      2       19     1      2000   28     4      2000   29     6      2000   30     6      2000   11     0      2000
6601      8       9      5      2000   17     2      2000   15     2      2000   14     3      2000   12     0      2000
6602      9       9      5      2000   17     2      2000   15     2      2000   14     3      2000   12     0      2000
6603      10      9      5      2000   17     2      2000   15     2      2000   14     3      2000   12     0      2000
end

2
//Group   OptIdx1   OptVal1   OptIdx2   OptVal2
0         21        7         24        2
1         21        7         24        2
2         21        7         24        2
end

3
//Group   Index   Value
0         0       200	  
0         1       17	  
0         2       4	  
0         3       10	  
0         4       20	  
0         5       7	  
0         6       35	  
0         7       1
1         0       400
1         1       19
1         2       5
1         3       10
1         4       0
1         5       7
1         6       1
1         7       2
2         0       600												
2         1       21												
2         2       6												
2         3       10												
2         4       2												
2         5       7												
2         6       3												
2         7       3	
end    

4
//Index		ProbabilityAL0	ProbabilityAL1	ProbabilityAL2	ProbabilityAL3	ItemReq	Zen
0		60		60		60		60		1	1000000
1		60		60		60		60		2	1500000
2		60		60		60		60		2	2000000
3		60		60		60		60		2	2500000
4		60		60		60		60		3	3000000
5		60		60		60		60		3	3500000
6		60		60		60		60		4	4000000
7		60		60		60		60		4	4500000
8		60		60		60		60		4	5000000
9		60		60		60		60		5	5500000
10		60		60		60		60		5	6000000
11		60		60		60		60		5	6500000
12		60		60		60		60		5	7000000
13		60		60		60		60		5	7500000
14		60		60		60		60		5	8000000
end