//|================================================================|
//| CashShop Editor  - Season 18                                   |
//| By OMEGA and Oliveira                                          |
//|================================================================|
//ID	Number	Value	Item	Level	Skill	Luck	Option	ExOpt	AncOp	JOH	Oexe	Socket1	Socket2	Socket3	Socket4	Socket5	Qtd	Duration	Comment
1010	1010	150	7330	0	0	0	0	0	0	0	0	255	255	255	255	255	1	0	// Magic Backpack (1 UN)
1020	1020	200	7331	0	0	0	0	0	0	0	0	255	255	255	255	255	1	0	// Vault Expansion Certificate (1 UN)
1030	1030	100	6716	0	0	0	0	0	0	0	0	255	255	255	255	255	1	0	// Indulgence (1 UN)
1040	1040	100	7485	0	0	0	0	0	0	0	0	255	255	255	255	255	1	0	// Talisman Element Change (1 UN)
1050	1050	75	7488	0	0	0	0	0	0	0	0	255	255	255	255	255	1	0	// Blessing of Spirit (1 UN)
1060	1060	995	7484	0	0	0	0	0	0	0	0	255	255	255	255	255	1	0	// Expansion Scroll of Radiance slot (1 UN)
1070	1070	75	7377	0	0	0	0	0	0	0	0	255	255	255	255	255	1	0	// Tradeable Seal (1 UN)
1080	1080	25	7581	0	0	0	0	0	0	0	0	255	255	255	255	255	1	0	// Coin of Miracle (1 UN)
1090	1090	55	6738	0	0	0	0	0	0	0	0	255	255	255	255	255	1	86400	// Talisman of Item Protection (1 Days)
1090	1091	365	6738	0	0	0	0	0	0	0	0	255	255	255	255	255	1	604800	// Talisman of Item Protection (7 Days)
1090	1092	1225	6738	0	0	0	0	0	0	0	0	255	255	255	255	255	1	2592000	// Talisman of Item Protection (30 Days)
1100	1100	15	7280	0	0	0	0	0	0	0	0	255	255	255	255	255	1	0	// Silver Key (1 UN)
1110	1110	20	7281	0	0	0	0	0	0	0	0	255	255	255	255	255	1	0	// Gold Key (1 UN)
1120	1120	20	7238	0	0	0	0	0	0	0	0	255	255	255	255	255	50	0	// Elite Healing Potion (1 UN)
1130	1130	20	7239	0	0	0	0	0	0	0	0	255	255	255	255	255	50	0	// Elite Mana Potion (1 UN)
1140	1140	20	7301	0	0	0	0	0	0	0	0	255	255	255	255	255	50	0	// Elite SD Potion (1 UN)
1180	1180	40	6699	0	0	0	0	0	0	0	0	255	255	255	255	255	1	86400	// Seal of Ascension (1 Days)
1180	1181	250	6699	0	0	0	0	0	0	0	0	255	255	255	255	255	1	604800	// Seal of Ascension (7 Days)
1180	1182	550	6699	0	0	0	0	0	0	0	0	255	255	255	255	255	1	2592000	// Seal of Ascension (30 Days)
1190	1190	45	6700	0	0	0	0	0	0	0	0	255	255	255	255	255	1	86400	// Seal of Wealth (1 Days)
1190	1191	270	6700	0	0	0	0	0	0	0	0	255	255	255	255	255	1	604800	// Seal of Wealth (7 Days)
1190	1192	700	6700	0	0	0	0	0	0	0	0	255	255	255	255	255	1	2592000	// Seal of Wealth (30 Days)
1200	1200	35	6719	0	0	0	0	0	0	0	0	255	255	255	255	255	1	86400	// Seal of Divinity (1 Days)
1200	1201	245	6719	0	0	0	0	0	0	0	0	255	255	255	255	255	1	604800	// Seal of Divinity (7 Days)
1200	1202	1050	6719	0	0	0	0	0	0	0	0	255	255	255	255	255	1	2592000	// Seal of Divinity (30 Days)
1210	1210	45	6749	0	0	0	0	0	0	0	0	255	255	255	255	255	1	86400	// Master Seal of Ascension (1 Days)
1210	1211	280	6749	0	0	0	0	0	0	0	0	255	255	255	255	255	1	604800	// Master Seal of Ascension (7 Days)
1210	1212	750	6749	0	0	0	0	0	0	0	0	255	255	255	255	255	1	2592000	// Master Seal of Ascension (30 Days)
1220	1220	50	6750	0	0	0	0	0	0	0	0	255	255	255	255	255	1	86400	// Master Seal of Wealth (1 Days)
1220	1221	300	6750	0	0	0	0	0	0	0	0	255	255	255	255	255	1	604800	// Master Seal of Wealth (7 Days)
1220	1222	800	6750	0	0	0	0	0	0	0	0	255	255	255	255	255	1	2592000	// Master Seal of Wealth (30 Days)
1230	1230	30	6738	0	0	0	0	0	0	0	0	255	255	255	255	255	1	86400	// Talisman of Item Protection (1 Days)
1230	1231	210	6738	0	0	0	0	0	0	0	0	255	255	255	255	255	1	604800	// Talisman of Item Protection (7 Days)
1230	1232	800	6738	0	0	0	0	0	0	0	0	255	255	255	255	255	1	2592000	// Talisman of Item Protection (30 Days)
1240	1240	45	6718	0	0	0	0	0	0	0	0	255	255	255	255	255	1	86400	// Seal of Healing (1 Days)
1240	1241	750	6718	0	0	0	0	0	0	0	0	255	255	255	255	255	1	604800	// Seal of Healing (7 Days)
1240	1242	800	6718	0	0	0	0	0	0	0	0	255	255	255	255	255	1	2592000	// Seal of Healing (30 Days)
1250	1250	435	6833	0	0	0	0	0	0	0	0	255	255	255	255	255	1	604800	// Talisman of Ascension I (7 Days)
1260	1260	875	6834	0	0	0	0	0	0	0	0	255	255	255	255	255	1	604800	// Talisman of Ascension II (7 Days)
1260	1261	3500	6834	0	0	0	0	0	0	0	0	255	255	255	255	255	1	2592000	// Talisman of Ascension II (30 Days)
1270	1270	150	7431	0	0	0	0	0	0	0	0	255	255	255	255	255	10	0	// Bless of Light (Low Grade) (1 UN)
1280	1280	250	7432	0	0	0	0	0	0	0	0	255	255	255	255	255	10	0	// Bless of Light (Middle Grade) (1 UN)
1290	1290	500	7392	0	0	0	0	0	0	0	0	255	255	255	255	255	10	0	// Bless of Light (Greater) (1 UN)
1300	1300	15	7240	0	0	0	0	0	0	0	0	255	255	255	255	255	1	1800	// Scroll of Quickness (30 Minutes)
1310	1310	15	7241	0	0	0	0	0	0	0	0	255	255	255	255	255	1	1800	// Scroll of Defense (30 Minutes)
1320	1320	15	7242	0	0	0	0	0	0	0	0	255	255	255	255	255	1	1800	// Scroll of Wrath (30 Minutes)
1330	1330	15	7243	0	0	0	0	0	0	0	0	255	255	255	255	255	1	1800	// Scroll of Wizardry (30 Minutes)
1340	1340	15	7244	0	0	0	0	0	0	0	0	255	255	255	255	255	1	1800	// Scroll of Health (30 Minutes)
1350	1350	15	7245	0	0	0	0	0	0	0	0	255	255	255	255	255	1	1800	// Scroll of Mana (30 Minutes)
1360	1360	15	7265	0	0	0	0	0	0	0	0	255	255	255	255	255	1	1800	// Scroll of Battle (30 Minutes)
1370	1370	15	7266	0	0	0	0	0	0	0	0	255	255	255	255	255	1	1800	// Scroll of Strength (30 Minutes)
1380	1380	40	6720	0	0	0	0	0	0	0	0	255	255	255	255	255	0	86400	// Demon (1 Days)
1380	1381	280	6720	0	0	0	0	0	0	0	0	255	255	255	255	255	0	604800	// Demon (7 Days)
1380	1382	1200	6720	0	0	0	0	0	0	0	0	255	255	255	255	255	0	2592000	// Demon (30 Days)
1390	1390	30	6721	0	0	0	0	0	0	0	0	255	255	255	255	255	0	86400	// Spirit of Guardian (1 Days)
1390	1391	210	6721	0	0	0	0	0	0	0	0	255	255	255	255	255	0	604800	// Spirit of Guardian (7 Days)
1390	1392	900	6721	0	0	0	0	0	0	0	0	255	255	255	255	255	0	2592000	// Spirit of Guardian (30 Days)
1400	1400	30	6736	0	0	0	0	0	0	0	0	255	255	255	255	255	0	86400	// Pet Panda (1 Days)
1400	1401	185	6736	0	0	0	0	0	0	0	0	255	255	255	255	255	0	604800	// Pet Panda (7 Days)
1400	1402	350	6736	0	0	0	0	0	0	0	0	255	255	255	255	255	0	2592000	// Pet Panda (30 Days)
1410	1410	40	6779	0	0	0	0	0	0	0	0	255	255	255	255	255	0	86400	// Pet Skeleton (1 Days)
1410	1411	220	6779	0	0	0	0	0	0	0	0	255	255	255	255	255	0	604800	// Pet Skeleton (7 Days)
1410	1412	950	6779	0	0	0	0	0	0	0	0	255	255	255	255	255	0	2592000	// Pet Skeleton (30 Days)
1420	1420	30	6762	0	0	0	0	0	0	0	0	255	255	255	255	255	0	86400	// Pet Unicorn (1 Days)
1420	1421	185	6762	0	0	0	0	0	0	0	0	255	255	255	255	255	0	604800	// Pet Unicorn (7 Days)
1420	1422	350	6762	0	0	0	0	0	0	0	0	255	255	255	255	255	0	2592000	// Pet Unicorn (30 Days)
1430	1430	225	6878	0	0	0	0	0	0	0	0	255	255	255	255	255	1	0	// Premium Muun Egg (1 UN)
1440	1440	30	6676	0	0	0	0	0	0	0	0	255	255	255	255	255	0	86400	// Wizards Ring (1 Days)
1440	1441	210	6676	0	0	0	0	0	0	0	0	255	255	255	255	255	0	604800	// Wizards Ring (7 Days)
1440	1442	900	6676	0	0	0	0	0	0	0	0	255	255	255	255	255	0	2592000	// Wizards Ring (30 Days)
1450	1450	40	6778	0	0	0	0	0	0	0	0	255	255	255	255	255	0	86400	// Skeleton Transformation Ring (1 Days)
1450	1451	220	6778	0	0	0	0	0	0	0	0	255	255	255	255	255	0	604800	// Skeleton Transformation Ring (7 Days)
1450	1452	950	6778	0	0	0	0	0	0	0	0	255	255	255	255	255	0	2592000	// Skeleton Transformation Ring (30 Days)
1460	1460	40	6821	0	0	0	0	0	0	0	0	255	255	255	255	255	0	86400	// Great Heavenly Mage Ring (1 Days)
1460	1461	220	6821	0	0	0	0	0	0	0	0	255	255	255	255	255	0	604800	// Great Heavenly Mage Ring (7 Days)
1460	1462	950	6821	0	0	0	0	0	0	0	0	255	255	255	255	255	0	2592000	// Great Heavenly Mage Ring (30 Days)
1470	1470	40	6819	0	0	0	0	0	0	0	0	255	255	255	255	255	0	86400	// Robot Knight Ring (1 Days)
1470	1471	220	6819	0	0	0	0	0	0	0	0	255	255	255	255	255	0	604800	// Robot Knight Ring (7 Days)
1470	1472	950	6819	0	0	0	0	0	0	0	0	255	255	255	255	255	0	2592000	// Robot Knight Ring (30 Days)
1480	1480	30	6732	0	0	0	0	0	0	0	0	255	255	255	255	255	0	86400	// Panda Ring (1 Days)
1480	1481	185	6732	0	0	0	0	0	0	0	0	255	255	255	255	255	0	604800	// Panda Ring (7 Days)
1480	1482	550	6732	0	0	0	0	0	0	0	0	255	255	255	255	255	0	2592000	// Panda Ring (30 Days)
1490	1490	90	6733	0	0	0	0	0	0	0	0	255	255	255	255	255	0	86400	// Brown Panda Ring (1 Days)
1490	1491	550	6733	0	0	0	0	0	0	0	0	255	255	255	255	255	0	604800	// Brown Panda Ring (7 Days)
1490	1492	1950	6733	0	0	0	0	0	0	0	0	255	255	255	255	255	0	2592000	// Brown Panda Ring (30 Days)
1500	1500	100	6734	0	0	0	0	0	0	0	0	255	255	255	255	255	0	86400	// Pink Panda Ring (1 Days)
1500	1501	600	6734	0	0	0	0	0	0	0	0	255	255	255	255	255	0	604800	// Pink Panda Ring (7 Days)
1500	1502	2200	6734	0	0	0	0	0	0	0	0	255	255	255	255	255	0	2592000	// Pink Panda Ring (30 Days)
1510	1510	12	6765	0	0	0	0	0	0	0	0	255	255	255	255	255	255	86400	// Sapphire Ring (1 Days)
1510	1511	84	6765	0	0	0	0	0	0	0	0	255	255	255	255	255	255	604800	// Sapphire Ring (7 Days)
1510	1512	360	6765	0	0	0	0	0	0	0	0	255	255	255	255	255	255	2592000	// Sapphire Ring (30 Days)
1520	1520	12	6767	0	0	0	0	0	0	0	0	255	255	255	255	255	255	86400	// Topaz Ring (1 Days)
1520	1521	84	6767	0	0	0	0	0	0	0	0	255	255	255	255	255	255	604800	// Topaz Ring (7 Days)
1520	1522	360	6767	0	0	0	0	0	0	0	0	255	255	255	255	255	255	2592000	// Topaz Ring (30 Days)
1530	1530	12	6768	0	0	0	0	0	0	0	0	255	255	255	255	255	255	86400	// Amethyst Ring (1 Days)
1530	1531	84	6768	0	0	0	0	0	0	0	0	255	255	255	255	255	255	604800	// Amethyst Ring (7 Days)
1530	1532	360	6768	0	0	0	0	0	0	0	0	255	255	255	255	255	255	2592000	// Amethyst Ring (30 Days)
1540	1540	12	6770	0	0	0	0	0	0	0	0	255	255	255	255	255	255	86400	// Emerald Necklace (1 Days)
1540	1541	84	6770	0	0	0	0	0	0	0	0	255	255	255	255	255	255	604800	// Emerald Necklace (7 Days)
1540	1542	360	6770	0	0	0	0	0	0	0	0	255	255	255	255	255	255	2592000	// Emerald Necklace (30 Days)
1550	1550	12	6769	0	0	0	0	0	0	0	0	255	255	255	255	255	255	86400	// Ruby Necklace (1 Days)
1550	1551	84	6769	0	0	0	0	0	0	0	0	255	255	255	255	255	255	604800	// Ruby Necklace (7 Days)
1550	1552	360	6769	0	0	0	0	0	0	0	0	255	255	255	255	255	255	2592000	// Ruby Necklace (30 Days)
1560	1560	12	6771	0	0	0	0	0	0	0	0	255	255	255	255	255	255	86400	// Sapphire Necklace (1 Days)
1560	1561	84	6771	0	0	0	0	0	0	0	0	255	255	255	255	255	255	604800	// Sapphire Necklace (7 Days)
1560	1562	360	6771	0	0	0	0	0	0	0	0	255	255	255	255	255	255	2592000	// Sapphire Necklace (30 Days)
1570	1570	30	6790	0	0	0	0	0	0	0	0	255	255	255	255	255	1	86400	// Worn Horseshoe (1 Days)
1570	1571	210	6790	0	0	0	0	0	0	0	0	255	255	255	255	255	1	604800	// Worn Horseshoe (7 Days)
1570	1572	900	6790	0	0	0	0	0	0	0	0	255	255	255	255	255	1	2592000	// Worn Horseshoe (30 Days)
1580	1580	195	6798	0	0	0	0	0	0	0	0	255	255	255	255	255	1	0	// 2nd Lucky Helm Ticket (1 UN)
1590	1590	195	6796	0	0	0	0	0	0	0	0	255	255	255	255	255	1	0	// 2nd Lucky Armor Ticket (1 UN)
1600	1600	195	6797	0	0	0	0	0	0	0	0	255	255	255	255	255	1	0	// 2nd Lucky Pants Ticket (1 UN)
1610	1610	195	6799	0	0	0	0	0	0	0	0	255	255	255	255	255	1	0	// 2nd Lucky Gloves Ticket (1 UN)
1620	1620	195	6800	0	0	0	0	0	0	0	0	255	255	255	255	255	1	0	// 2nd Lucky Boots Ticket (1 UN)
1630	1630	500	10362	0	0	0	0	0	0	0	0	255	255	255	255	255	1	0	// MU Pass Ticket (1 UN)
1640	1640	15	7221	0	0	0	0	0	0	0	0	255	255	255	255	255	1	0	// Talisman of Luck (1 UN)
1650	1650	300	7264	0	0	0	0	0	0	0	0	255	255	255	255	255	1	0	// Talisman of Chaos Assembly (1 UN)
1660	1660	1000	6552	0	0	0	0	0	0	0	0	255	255	255	255	255	1	0	// [Bound]Finished Loch's Magic Solution (1 UN)
1670	1670	3000	6554	0	0	0	0	0	0	0	0	255	255	255	255	255	1	0	// [Bound]Finished Condor's Magic Solution (1 UN)
1680	1680	100	7357	0	0	0	0	0	0	0	0	255	255	255	255	255	1	0	// Elemental Talisman of Luck (1 UN)
1690	1690	100	7358	0	0	0	0	0	0	0	0	255	255	255	255	255	1	0	// Elemental Talisman of Chaos (1 UN)
1700	1700	20	6710	0	0	0	0	0	0	0	0	255	255	255	255	255	5	0	// Reset Fruit Strength (1 UN)
1710	1710	20	6711	0	0	0	0	0	0	0	0	255	255	255	255	255	5	0	// Reset Fruit Quickness (1 UN)
1720	1720	20	6712	0	0	0	0	0	0	0	0	255	255	255	255	255	5	0	// Reset Fruit Health (1 UN)
1730	1730	20	6713	0	0	0	0	0	0	0	0	255	255	255	255	255	5	0	// Reset Fruit Energy (1 UN)
1740	1740	20	6714	0	0	0	0	0	0	0	0	255	255	255	255	255	5	0	// Reset Fruit Control (1 UN)
1750	1750	150	6808	0	0	0	0	0	0	0	0	255	255	255	255	255	1	0	// Scroll of Green Oblivion (1 UN)
1760	1760	150	6809	0	0	0	0	0	0	0	0	255	255	255	255	255	1	0	// Scroll of Blue Oblivion (1 UN)
1770	1770	150	6810	0	0	0	0	0	0	0	0	255	255	255	255	255	1	0	// Scroll of Red Oblivion (1 UN)
1780	1780	400	6811	0	0	0	0	0	0	0	0	255	255	255	255	255	1	0	// Scroll of Gray Oblivion (1 UN)
1790	1790	500	7165	0	0	0	0	0	0	0	0	255	255	255	255	255	1	0	// Scroll of Black Oblivion (1 UN)
1800	1800	15	6702	0	0	0	0	0	0	0	0	255	255	255	255	255	1	0	// Devil Square Ticket (1 UN)
1800	1801	150	6702	0	0	0	0	0	0	0	0	255	255	255	255	255	10	0	// Devil Square Ticket (1 UN)
1810	1810	15	6703	0	0	0	0	0	0	0	0	255	255	255	255	255	1	0	// Blood Castle Ticket (1 UN)
1810	1811	150	6703	0	0	0	0	0	0	0	0	255	255	255	255	255	10	0	// Blood Castle Ticket (1 UN)
1820	1820	20	6704	0	0	0	0	0	0	0	0	255	255	255	255	255	1	0	// Kalima Ticket (1 UN)
1820	1821	200	6704	0	0	0	0	0	0	0	0	255	255	255	255	255	10	0	// Kalima Ticket (1 UN)
1830	1830	20	10348	0	0	0	0	0	0	0	0	255	255	255	255	255	1	0	// Varka Event Ticket (1 UN)
1830	1831	200	10348	0	0	0	0	0	0	0	0	255	255	255	255	255	10	0	// Varka Event Ticket (10 UN)
1840	1840	75	10349	0	0	0	0	0	0	0	0	255	255	255	255	255	1	0	// Boss Battle Event Ticket (1 UN)
1840	1841	750	10349	0	0	0	0	0	0	0	0	255	255	255	255	255	10	0	// Boss Battle Event Ticket (10 UN)
1850	1850	75	7598	0	0	0	0	0	0	0	0	255	255	255	255	255	1	0	// Elena's Letter (1 UN)
1850	1851	750	7598	0	0	0	0	0	0	0	0	255	255	255	255	255	10	0	// Elena's Letter (1 UN)
1860	1860	150	6694	0	0	0	0	0	0	0	0	255	255	255	255	255	255	0	// Moonstone Pendant (1 UN)
1870	1870	1500	10363	0	0	0	0	0	0	0	0	255	255	255	255	255	1	0	// Gold Pass Ticket (1 UN)
1880	1880	3000	10364	0	0	0	0	0	0	0	0	255	255	255	255	255	1	0	// Premium Pass Ticket (1 UN)
1890	1890	1000	7485	0	0	0	0	0	0	0	0	255	255	255	255	255	1	0	// Talisman Element Change (1 UN)
1900	1900	750	7377	0	0	0	0	0	0	0	0	255	255	255	255	255	1	0	// Tradeable Seal (1 UN)
1910	1910	550	6738	0	0	0	0	0	0	0	0	255	255	255	255	255	1	86400	// Talisman of Item Protection (1 Days)
1910	1911	365	6738	0	0	0	0	0	0	0	0	255	255	255	255	255	1	604800	// Talisman of Item Protection (7 Days)
1910	1912	1225	6738	0	0	0	0	0	0	0	0	255	255	255	255	255	1	2592000	// Talisman of Item Protection (30 Days)
1920	1920	150	7280	0	0	0	0	0	0	0	0	255	255	255	255	255	1	0	// Silver Key (1 UN)
1930	1930	200	7281	0	0	0	0	0	0	0	0	255	255	255	255	255	1	0	// Gold Key (1 UN)
1940	1940	400	6699	0	0	0	0	0	0	0	0	255	255	255	255	255	1	86400	// Seal of Ascension (1 Days)
1950	1950	450	6749	0	0	0	0	0	0	0	0	255	255	255	255	255	1	86400	// Master Seal of Ascension (1 Days)
1960	1960	450	6700	0	0	0	0	0	0	0	0	255	255	255	255	255	1	86400	// Seal of Wealth (1 Days)
1970	1970	500	6750	0	0	0	0	0	0	0	0	255	255	255	255	255	1	86400	// Master Seal of Wealth (1 Days)
1970	1971	300	6750	0	0	0	0	0	0	0	0	255	255	255	255	255	1	604800	// Master Seal of Wealth (7 Days)
1970	1972	800	6750	0	0	0	0	0	0	0	0	255	255	255	255	255	1	2592000	// Master Seal of Wealth (30 Days)
1980	1980	150	7240	0	0	0	0	0	0	0	0	255	255	255	255	255	1	1800	// Scroll of Quickness (30 Minutes)
1990	1990	150	7241	0	0	0	0	0	0	0	0	255	255	255	255	255	1	1800	// Scroll of Defense (30 Minutes)
2000	2000	150	7242	0	0	0	0	0	0	0	0	255	255	255	255	255	1	1800	// Scroll of Wrath (30 Minutes)
2010	2010	150	7243	0	0	0	0	0	0	0	0	255	255	255	255	255	1	1800	// Scroll of Wizardry (30 Minutes)
2020	2020	150	7244	0	0	0	0	0	0	0	0	255	255	255	255	255	1	1800	// Scroll of Health (30 Minutes)
2030	2030	150	7245	0	0	0	0	0	0	0	0	255	255	255	255	255	1	1800	// Scroll of Mana (30 Minutes)
2040	2040	150	7265	0	0	0	0	0	0	0	0	255	255	255	255	255	1	1800	// Scroll of Battle (30 Minutes)
2050	2050	150	7266	0	0	0	0	0	0	0	0	255	255	255	255	255	1	1800	// Scroll of Strength (30 Minutes)
2060	2060	200	6720	0	0	0	0	0	0	0	0	255	255	255	255	255	0	86400	// Demon (1 Days)
2060	2061	1400	6720	0	0	0	0	0	0	0	0	255	255	255	255	255	0	604800	// Demon (7 Days)
2070	2070	150	6721	0	0	0	0	0	0	0	0	255	255	255	255	255	0	86400	// Spirit of Guardian (1 Days)
2070	2071	1050	6721	0	0	0	0	0	0	0	0	255	255	255	255	255	0	604800	// Spirit of Guardian (7 Days)
2080	2080	150	6676	0	0	0	0	0	0	0	0	255	255	255	255	255	0	86400	// Wizards Ring (1 Days)
2080	2081	1050	6676	0	0	0	0	0	0	0	0	255	255	255	255	255	0	604800	// Wizards Ring (7 Days)
2090	2090	240	6736	0	0	0	0	0	0	0	0	255	255	255	255	255	0	86400	// Pet Panda (1 Days)
2100	2100	175	6732	0	0	0	0	0	0	0	0	255	255	255	255	255	0	86400	// Panda Ring (1 Days)
2110	2110	260	6779	0	0	0	0	0	0	0	0	255	255	255	255	255	0	86400	// Pet Skeleton (1 Days)
2110	2111	220	6779	0	0	0	0	0	0	0	0	255	255	255	255	255	0	604800	// Pet Skeleton (7 Days)
2110	2112	950	6779	0	0	0	0	0	0	0	0	255	255	255	255	255	0	2592000	// Pet Skeleton (30 Days)
2120	2120	180	6778	0	0	0	0	0	0	0	0	255	255	255	255	255	0	86400	// Skeleton Transformation Ring (1 Days)
2140	2140	450	7221	0	0	0	0	0	0	0	0	255	255	255	255	255	10	0	// Talisman of Luck (1 UN)
2150	2150	650	7264	0	0	0	0	0	0	0	0	255	255	255	255	255	1	0	// Talisman of Chaos Assembly (1 UN)
2160	2160	450	7357	0	0	0	0	0	0	0	0	255	255	255	255	255	1	0	// Elemental Talisman of Luck (1 UN)
2170	2170	650	7358	0	0	0	0	0	0	0	0	255	255	255	255	255	1	0	// Elemental Talisman of Chaos (1 UN)
2180	2180	30	6710	0	0	0	0	0	0	0	0	255	255	255	255	255	5	0	// Reset Fruit Strength (1 UN)
2190	2190	30	6711	0	0	0	0	0	0	0	0	255	255	255	255	255	5	0	// Reset Fruit Quickness (1 UN)
2200	2200	30	6712	0	0	0	0	0	0	0	0	255	255	255	255	255	5	0	// Reset Fruit Health (1 UN)
2210	2210	30	6713	0	0	0	0	0	0	0	0	255	255	255	255	255	5	0	// Reset Fruit Energy (1 UN)
2220	2220	30	6714	0	0	0	0	0	0	0	0	255	255	255	255	255	5	0	// Reset Fruit Control (1 UN)
2230	2230	675	6808	0	0	0	0	0	0	0	0	255	255	255	255	255	1	0	// Scroll of Green Oblivion (1 UN)
2240	2240	675	6809	0	0	0	0	0	0	0	0	255	255	255	255	255	1	0	// Scroll of Blue Oblivion (1 UN)
2250	2250	675	6810	0	0	0	0	0	0	0	0	255	255	255	255	255	1	0	// Scroll of Red Oblivion (1 UN)
2260	2260	2025	6811	0	0	0	0	0	0	0	0	255	255	255	255	255	1	0	// Scroll of Gray Oblivion (1 UN)
2270	2270	2025	7165	0	0	0	0	0	0	0	0	255	255	255	255	255	1	0	// Scroll of Black Oblivion (1 UN)
10000	10000	1	6699	0	0	0	0	0	0	0	0	255	255	255	255	255	1	0	// Seal of Ascension (1 Days) ( Regular EXP)
10001	10001	1	6700	0	0	0	0	0	0	0	0	255	255	255	255	255	1	86400	// Seal of Wealth (1 Days) ( Regular EXP)
10002	10002	1	6736	0	0	0	0	0	0	0	0	255	255	255	255	255	0	3600	// Pet Panda (1 Days) ( Regular EXP)
10003	10003	1	6732	0	0	0	0	0	0	0	0	255	255	255	255	255	0	86400	// Panda Ring (1 Days) ( Regular EXP)
10004	10004	1	6749	0	0	0	0	0	0	0	0	255	255	255	255	255	1	0	// Master Seal of Ascension (7 Days)
10005	10005	1	6750	0	0	0	0	0	0	0	0	255	255	255	255	255	1	25200	// Master Seal of Wealth (7 Days)
10006	10006	1	6736	0	0	0	0	0	0	0	0	255	255	255	255	255	1	25200	// Pet Panda (7 Days)
10007	10007	1	6732	0	0	0	0	0	0	0	0	255	255	255	255	255	1	25200	// Panda Ring (7 Days)
10008	10008	1	6749	0	0	0	0	0	0	0	0	255	255	255	255	255	1	2592000	// (Pack)Master Seal of Ascension (30 Days)
10009	10009	1	6750	0	0	0	0	0	0	0	0	255	255	255	255	255	1	2592000	// (Pack)Master Seal of Wealth (30 Days)
10010	10010	1	6736	0	0	0	0	0	0	0	0	255	255	255	255	255	1	2592000	// (Pack)Pet Panda (30 Days)
10011	10011	1	6732	0	0	0	0	0	0	0	0	255	255	255	255	255	1	2592000	// (Pack)Panda Ring (30 Days)
10012	10012	1	7242	0	0	0	0	0	0	0	0	255	255	255	255	255	1	86400	// (Pack)Scroll of Wrath (1 Days)
10013	10013	1	7243	0	0	0	0	0	0	0	0	255	255	255	255	255	1	86400	// (Pack)Scroll of Wizardry (1 Days)
10014	10014	1	7244	0	0	0	0	0	0	0	0	255	255	255	255	255	1	86400	// (Pack)Scroll of Health (1 Days)
10015	10015	1	7245	0	0	0	0	0	0	0	0	255	255	255	255	255	1	86400	// (Pack)Scroll of Mana (1 Days)
10016	10016	1	7241	0	0	0	0	0	0	0	0	255	255	255	255	255	1	86400	// (Pack)Scroll of Defense (1 Days)
10017	10017	1	7240	0	0	0	0	0	0	0	0	255	255	255	255	255	1	86400	// (Pack)Scroll of Quickness (1 Days)
10018	10018	1	7396	0	0	0	0	0	0	0	0	255	255	255	255	255	1	604800	// (Pack)Scroll Master of Mana (7 Days)
10019	10019	1	7397	0	0	0	0	0	0	0	0	255	255	255	255	255	1	604800	// (Pack)Scroll Master of Wrath (7 Days)
10020	10020	1	7398	0	0	0	0	0	0	0	0	255	255	255	255	255	1	604800	// (Pack)Scroll Master of Recovery (7 Days)
10021	10021	1	7399	0	0	0	0	0	0	0	0	255	255	255	255	255	1	604800	// (Pack)Scroll Master of Battle (7 Days)
10022	10022	1	7400	0	0	0	0	0	0	0	0	255	255	255	255	255	1	604800	// (Pack)Scroll Master of Strenghener (7 Days)
10023	10023	1	7393	0	0	0	0	0	0	0	0	255	255	255	255	255	1	604800	// (Pack)Scroll Master of Defense (7 Days)
10024	10024	1	7394	0	0	0	0	0	0	0	0	255	255	255	255	255	1	604800	// (Pack)Scroll Master of Wizardry (7 Days)
10025	10025	1	7395	0	0	0	0	0	0	0	0	255	255	255	255	255	1	604800	// (Pack)Scroll Master of Health (7 Days)
10026	10026	1	7396	0	0	0	0	0	0	0	0	255	255	255	255	255	1	2592000	// (Pack)Scroll Master of Mana (30 Days)
10027	10027	1	7395	0	0	0	0	0	0	0	0	255	255	255	255	255	1	2592000	// (Pack)Scroll Master of Health (30 Days)
10028	10028	1	7393	0	0	0	0	0	0	0	0	255	255	255	255	255	1	2592000	// (Pack)Scroll Master of Defense (30 Days)
10029	10029	1	7394	0	0	0	0	0	0	0	0	255	255	255	255	255	1	2592000	// (Pack)Scroll Master of Wizardry (30 Days)
10030	10030	1	7397	0	0	0	0	0	0	0	0	255	255	255	255	255	1	2592000	// (Pack)Scroll Master of Wrath (30 Days)
end
